7679
6168
2562
5157
3484
6724
6752
6597
1959
6245
5499
1086
9422
6171
399
3332
5034
1304
5964
3097
5260
8004
6661
152
4881
418
7136
457
3622
1481
6975
3736
6817
1658
4244
3070
1933
1241
6179
7182
4486
656
6683
8295
6383
1160
6553
6122
4332
5365
5646
5649
4268
8158
1212
3296
4713
1959
9534
9461
4037
8906
3250
9017
766
7829
6061
306
9736
8527
2577
5063
62
3486
1220
9749
5773
6190
3558
269
4315
3499
3097
6842
8945
665
6517
7150
9372
3283
4185
8601
9098
2283
3792
3369
3334
8109
7229
627
9502
5400
5586
7022
5835
1225
1787
527
4481
2637
4561
6263
7130
976
9053
6871
925
8010
6595
5640
9762
8178
3062
9022
9992
2071
1163
7498
5772
9849
6923
4300
422
2936
7002
6547
425
8697
2180
5812
9561
1924
5937
2999
5756
2598
9989
659
639
1683
9883
5918
2902
2806
1843
9923
5585
6550
1320
6882
191
7108
9549
2111
1448
9549
7351
1215
7504
5546
2885
6263
1334
659
8307
2971
8895
4691
5710
7953
6974
9606
9269
9315
6322
3363
2699
6179
2786
9435
7512
6843
9707
1375
5561
2939
9390
5834
4300
1626
7353
5034
5109
5492
273
7146
3844
2101
3634
3026
7988
570
180
1087
6570
3451
8716
4671
7885
5965
7733
4277
1786
8943
261
2304
5715
2602
7891
7278
6397
5383
5316
6784
7578
156
6850
1916
1594
2639
8338
7593
8918
5170
5172
9480
8661
418
5649
8224
2976
9471
962
8663
3667
2428
6560
4086
3274
806
1864
400
9750
4651
7606
7445
1734
1142
6626
893
2999
6263
1916
625
9378
4719
7585
4347
5729
7339
5747
1448
986
9768
2197
1171
3628
567
1497
4592
8910
3471
5293
9628
8214
4175
4559
204
8251
2150
4329
9183
2705
6731
2025
1317
6275
9570
633
7477
6377
4397
5903
2130
8890
4876
2533
6328
7136
5527
7532
8808
618
600
7880
4001
8421
6665
8066
4909
610
155
6442
9159
422
9983
1017
190
559
4184
6949
4628
9176
9787
920
1504
808
3062
4224
4268
4201
2510
3750
6653
4275
2934
6848
6305
4037
4498
3088
611
6072
8980
2676
3378
4421
1178
1185
4210
1313
2831
8327
1160
4486
4468
8685
9014
6261
8795
2944
3284
5532
7947
5172
2858
2571
100
4754
7746
9067
3099
7445
775
2015
4951
6998
4627
8841
5546
3564
1776
7898
9249
3910
6698
9026
215
1745
6857
7386
4375
9905
5214
1384
3692
1534
8164
4165
4355
9697
7380
2071
2559
9368
8653
2932
1369
4268
1624
2933
7616
3292
4864
1809
4244
2845
8670
2025
8286
4365
3634
6883
6934
5791
7527
4312
8798
2573
4981
8089
5900
4300
9536
2598
5084
6827
2569
7731
9420
8036
6791
9044
7309
5634
8918
3886
3585
8995
5100
697
7972
795
5815
495
3967
6428
8760
4012
1142
3126
7098
6124
1196
1210
775
3639
9273
2166
8750
5178
7822
3818
7109
73
7849
7601
8480
5430
3263
3019
4033
4568
2678
1292
2528
5679
8708
2949
3655
903
1492
9132
5445
6367
7869
8795
6303
6997
2404
4654
8466
7220
4479
8611
7480
7336
2115
3976
5875
1635
4300
6225
4245
2610
909
5648
1212
1536
5752
6005
9618
5040
2303
9052
4891
4620
9690
6604
3312
9977
3629
2948
7291
8086
9519
4151
138
506
8670
6206
3774
9099
1842
7316
3938
9178
3891
8273
6842
2779
6955
5017
2289
8384
7095
9425
3026
8513
7498
589
8508
9675
1602
3739
669
2371
6871
1901
5358
9977
2221
1258
1354
3782
674
7455
2604
984
8534
3263
5316
4004
3264
7579
2058
2403
3655
200
8381
3866
5846
4786
9434
5439
5428
6195
4138
2367
1142
6211
1825
8706
5609
3750
8284
7131
345
2602
5295
485
9512
3449
35
8637
9500
6725
7126
3639
6714
6755
2150
9253
228
7072
3379
5744
313
6362
7375
9675
578
9854
2245
9638
6871
2077
4948
4197
8744
8650
4406
6661
1091
1322
3866
4471
2779
532
3106
4853
647
7381
211
6603
8042
2963
923
4451
171
6412
5961
5834
100
1754
3792
2533
8804
9835
560
5309
1643
6309
3302
4565
5190
6894
373
2278
895
8765
129
5957
5067
3692
1030
9538
4986
299
118
8409
579
9054
6438
7172
2303
3641
5400
2756
6010
3435
1563
204
469
4680
1250
8614
1990
2961
8925
829
9438
9303
3792
1283
1677
3307
9476
9998
3066
4756
391
5191
8055
327
2079
6271
2148
2374
4791
3044
8567
4876
7736
8077
5860
4575
6349
8969
5038
6763
3321
6409
9495
5194
1203
8288
8887
8513
1490
3938
7229
6143
9579
5834
5153
9974
395
5316
9740
9778
9469
6159
4146
9485
4419
6803
6620
1032
8689
1686
7982
3672
8306
1178
4692
3062
6986
7456
4354
6965
6447
7520
1563
5063
3708
8683
9407
8154
3922
7599
9239
3209
4694
1088
7298
7043
8793
5337
2465
3294
9390
974
2953
1752
1294
4941
2334
2324
5800
2316
3501
1525
9499
7739
3217
6996
2405
1142
4737
3959
4374
2624
470
6634
3737
6338
8191
1967
7000
1848
8547
5888
3954
7482
3844
3090
833
1564
3968
25
5228
7363
1083
2159
4149
6127
1876
8775
1534
2598
5012
9416
8708
3952
9095
8767
902
7861
7029
7453
8271
3837
303
9839
8439
7080
1787
6206
4918
5710
9298
2236
3182
9739
8513
591
5541
5127
8075
3026
1178
1950
5675
5359
721
5481
3209
8942
5054
349
7700
8670
8812
2351
1320
5082
2229
1334
1490
775
9503
3068
8877
1493
8603
9435
8717
6816
5443
9628
3190
1022
739
1337
2809
3741
9731
5153
57
5054
6071
5683
4076
8667
4591
5852
4639
6122
8920
6803
1807
991
6821
9581
2885
7177
8030
2176
1370
5732
2029
5161
4379
7734
344
12
5793
5544
1951
4510
3692
5842
495
9163
7310
2011
3385
9877
1092
1304
6006
716
9504
5865
8316
2158
3839
5749
5272
7277
1022
1935
9181
8017
2562
4462
3481
5486
7991
4659
6984
9791
7397
9983
9632
5909
3313
5810
2028
7659
5269
9883
8841
1742
1958
2053
2853
6445
7414
8367
9285
1254
2884
4365
5622
6428
6816
8294
3801
4768
6167
5635
1939
9974
319
6538
9692
4888
5082
6893
3667
4134
8906
5961
5420
3452
1481
9783
2634
3121
7039
8716
5197
5049
7733
5301
1491
5940
9234
7806
4105
9311
5874
8963
4541
3401
7082
4682
6645
1491
3174
5073
9836
7170
5637
2998
5945
7676
1805
6345
2781
5278
5245
8439
5294
6577
7978
4266
5757
4730
3130
2621
2955
3358
8400
3275
3602
9558
6801
7686
2863
1581
2780
3351
3170
2602
4057
4304
8497
8466
5317
932
2633
1036
86
7651
9900
9469
2966
9712
131
9480
2096
522
6494
6996
739
37
8938
3672
8569
6967
6206
8491
3558
5971
3725
5012
3886
8452
9155
1819
7291
2999
1701
7037
8255
3223
2637
3190
213
7736
1374
6436
4017
4138
5385
3126
8586
2800
1320
9471
706
436
6708
9849
9072
4630
9185
9102
641
4111
7013
3304
4862
2733
5304
1194
8708
9112
6688
1809
277
8449
4881
9186
6245
366
4864
9399
9952
1725
2029
9251
9794
9299
3018
1808
9549
578
3804
5232
8569
2461
9273
1321
3164
4855
948
3233
991
7303
9983
3710
2085
3339
3777
9936
8251
8744
9486
7022
9280
330
156
2165
396
5484
1031
56
946
9173
4300
5178
1233
6393
6992
8261
7671
7140
4835
1142
7110
8466
5100
536
4421
9927
2322
8912
6005
8936
2640
1169
9429
701
3492
2283
8837
8787
6579
984
9340
2357
6787
3446
640
2073
6145
7499
3883
5791
6206
5567
1581
7847
3868
8922
5365
2476
9380
169
4876
7967
1519
7429
4607
6875
6573
1952
5330
899
8922
853
3909
9315
19
639
3179
5806
9061
8061
3177
1990
8570
2190
5759
3333
4616
9128
1781
9917
9589
6562
647
6087
4748
7955
3255
4277
3588
5063
6622
5555
807
721
2112
2313
1442
8562
3327
6447
5985
7905
7002
507
2054
715
2266
5966
1330
6256
3114
4268
7196
1192
9298
3753
341
8740
1502
3535
4628
3866
1338
89
3853
6890
3680
2382
2133
2198
2800
591
3743
7571
842
8892
5228
9768
664
5094
1104
5173
6107
1206
2169
7516
6260
4104
2405
8540
754
5675
3439
2854
228
5778
8681
7990
4076
7157
4864
204
1585
4607
7311
3280
7098
8716
665
381
8284
5896
4912
9560
1413
7572
5362
9145
69
7803
610
3898
4904
7248
495
5020
4072
9264
6444
9729
3421
4982
4467
140
7601
7863
9464
3410
7065
6062
510
5201
626
3312
5716
567
4607
5793
2554
6733
9249
1840
7403
1988
3306
8994
121
5756
6769
512
5044
7478
1524
7903
8935
2701
7311
3810
8823
1341
1823
3118
1405
3594
7903
2907
9066
4761
8995
7229
5223
8130
2553
4514
1937
220
1166
9791
2699
559
4533
5620
5717
4965
6428
9439
6533
3558
4815
6910
2528
1923
4748
1142
4941
3874
4292
7845
3173
4472
3906
1617
7673
6730
1609
5947
3662
701
9466
7498
5449
4486
4912
6381
4210
9802
4355
7831
8085
5062
7852
4025
6889
4693
5066
5194
247
1890
1657
1225
4300
3230
9034
2330
2441
4710
8799
9421
8442
6725
875
1798
8294
2746
7679
8693
667
531
5045
3324
8787
5587
4462
2861
5856
7493
5982
2967
1531
1932
6177
6776
8328
6085
9056
8117
5982
984
1393
8351
114
815
7322
4901
4516
7758
5279
6836
1127
109
3983
7691
6167
1281
1114
5259
3440
5469
1973
3106
9073
1787
379
8995
5561
1736
6312
8355
8900
5783
5183
6220
6398
2722
5717
164
8417
9514
4430
6791
6733
6967
8743
1736
8297
7537
1082
5173
3288
7692
2604
3066
875
1787
2651
8231
5438
5812
369
8717
9498
4467
7394
9905
7537
7901
3770
5339
9700
7804
6220
2592
272
3839
4291
9018
6122
5741
3337
335
2369
5312
3555
2248
3272
2741
6717
4657
6683
6403
2004
2097
8981
4298
8453
3335
4923
1666
775
8466
3026
3583
4572
3025
7229
8034
6362
5722
333
4524
5209
4461
8655
3641
9604
3853
7229
2899
5995
9072
1564
4856
9701
1932
4160
8472
6911
3457
3056
12
492
4527
8209
4693
2023
8069
3844
6303
8674
943
4798
6684
8227
6212
9122
9277
5657
5293
9018
7845
7170
2358
9264
6492
3321
496
9195
7593
4870
3470
6607
3029
9897
6923
2369
3796
6718
8653
9519
4423
3955
6344
4650
7435
1989
1220
12
6821
1546
2272
95
3449
5609
8987
2123
1695
1836
2427
9610
7689
9773
5515
9232
5019
6336
9114
4610
8892
694
3552
9291
1030
3889
3794
1710
2562
6885
5921
621
1983
5835
8679
946
633
1702
7832
3372
3812
3732
7126
2646
2262
9706
184
1809
6084
3486
3018
4055
5915
8709
5382
7374
9800
1751
4119
3261
9969
4152
5406
9988
8987
3847
1546
5973
8708
9264
2765
6200
8933
2807
6935
1957
8421
5649
4479
7762
2579
2541
1294
3082
6281
9226
6627
4177
8139
7731
9849
647
2929
9682
4551
7381
1640
2731
6336
8930
2441
7755
583
8420
3518
124
4262
4265
373
208
4490
6447
6142
316
5260
9363
6051
3390
5727
7354
1995
7845
125
6305
3578
2114
5732
8167
5873
4607
7548
8238
1561
5758
2562
9639
2861
8560
9502
1281
1050
4244
2426
9854
3736
418
9135
9132
2036
744
3951
559
4052
5675
5476
6708
1180
1760
277
8264
103
4298
8478
9113
8363
5065
2722
9849
7540
2593
5814
4621
2579
3083
2303
958
4244
3271
5304
3640
1549
3346
1182
1352
8073
9310
4069
3755
567
3568
4935
3980
1377
3824
1682
991
3375
8557
6336
5442
8466
9206
681
5296
1836
7349
5732
1361
8109
3878
4870
9178
2512
1781
7828
2499
418
4092
8296
7166
2344
830
7261
9913
8790
7205
44
7847
5045
3591
7141
2303
1608
1959
9631
5428
7665
5810
1641
2795
4648
157
6899
3707
4358
2719
3634
1089
1220
4004
9226
3833
6263
2540
7410
3215
5082
2699
6363
4049
8607
915
5613
5980
9867
3674
102
2604
8757
524
956
4768
2206
2855
1292
9407
5049
9645
3720
5793
9330
5741
7229
1245
8527
9885
3296
8870
7301
7492
8242
5295
1020
2917
8135
6832
5555
5467
1494
5039
2536
2559
9480
8726
3305
4167
5905
7568
4413
4499
3997
2999
336
646
8560
6621
5512
1117
8655
3655
6817
3983
2474
1635
1351
7585
9393
3088
1977
2266
9668
2902
897
1240
531
1506
5974
8451
4812
1031
2544
4833
35
527
7429
8567
8466
978
8959
3115
7028
5451
7229
6764
2284
2311
191
110
3231
7733
2604
5178
4873
1567
3866
7414
2730
341
3050
712
7310
8410
4379
5509
203
2207
5813
9151
9507
8613
2245
9479
3732
8795
6320
5966
3908
7984
7912
1434
9734
7863
3377
9057
5784
4152
9129
1866
9222
1252
7467
9346
2855
5124
1670
943
7360
5772
7043
5447
4727
1432
9859
4406
7380
4664
5281
7898
1491
8294
3086
3178
776
8188
1411
9653
3440
3242
7942
6843
1750
8908
884
510
2854
199
4566
630
9200
2405
4329
6445
2861
7986
7754
2568
2602
4184
1840
9795
548
371
2449
6886
8900
5371
6683
3866
1383
2230
4533
3288
5018
3288
7301
9018
5134
7478
7803
1425
7742
6043
8247
382
689
2434
8017
1798
8044
8661
463
921
5581
1502
7498
3254
9415
4135
9219
5055
9520
4527
4870
9156
1723
4545
3184
2250
2846
7742
7433
1534
3951
6437
5498
1254
281
3778
984
3066
7170
7233
6652
7184
483
7942
9815
910
4441
6256
5710
7785
2276
6397
6122
9957
2559
8320
5277
3622
6577
6011
4025
8917
1331
4476
3088
7079
1721
4272
3866
6896
7016
1178
5772
559
1024
7063
9306
8898
1709
7060
7315
6973
7466
5428
4462
4551
1337
3852
2725
4654
2401
2133
3097
9487
9462
5915
3395
7357
6585
1026
5548
3166
7397
5524
2902
2364
475
7021
557
8102
6513
9317
6275
6340
2863
6165
3051
3667
5400
8309
5062
8892
6854
4378
9291
7477
6124
8728
4669
7254
6724
254
6122
5842
7790
8958
1720
4108
6627
664
5082
8424
9963
8644
204
3170
927
2344
7995
6715
2610
7783
9133
12
815
7366
9216
2723
7571
5671
2909
542
3725
1752
7372
9044
6249
9442
2818
7480
3724
7478
105
6246
717
4583
4669
9079
7433
327
9917
1334
7361
9928
835
5778
5223
2303
2620
5242
787
4742
8768
2316
5872
8529
9702
9878
6602
6790
4263
2491
97
647
1977
8286
3635
4037
2762
7376
6179
9330
5772
9265
5499
7003
3866
9981
1919
539
8446
3555
61
1930
6561
3876
6105
9129
3021
5837
8055
48
7051
4131
2998
7043
8552
580
3441
4423
462
4551
38
2108
867
6844
4424
9136
1522
1710
4147
5442
3787
8108
2982
7348
683
4697
5676
1843
5606
5707
9318
1294
5810
1066
2725
8666
9352
3337
3470
9867
8567
854
7106
8307
5157
988
9656
3582
4791
3337
423
5116
330
2478
4365
6468
9675
5986
7124
1744
1829
4875
6531
9340
5929
1758
6760
313
7303
78
2052
465
1374
5596
5262
1332
4527
9462
452
9865
8552
7177
5777
1212
9906
9539
1519
5504
9557
7571
25
4577
5964
6122
6962
8777
4493
3798
3040
2448
2421
6871
1932
5200
4790
3774
9492
9914
9621
9680
5622
2885
6250
4561
4010
9264
1497
8893
2635
2441
2879
6500
2824
1055
1988
7283
6765
6336
2812
3752
3821
5567
6643
9298
388
3928
8856
3455
4976
1916
9987
4814
6966
4864
6235
3866
8801
104
9980
2075
4623
8653
5160
9940
2307
8677
553
7121
2576
8337
8684
3342
6168
2999
4865
990
7867
3413
5450
691
4124
6894
1334
3371
8188
8986
3486
9538
5280
1861
6725
4761
6997
7387
6587
8191
5817
9864
5066
9523
8800
4927
9036
5335
2550
174
625
8424
1652
1045
7575
8233
7591
430
1519
5964
4388
8535
5745
2504
5154
2089
2992
8661
8214
4527
5868
2715
9736
4662
7834
5012
5725
2745
548
5296
5201
7367
8399
3667
8484
1679
7477
5991
1409
8865
6620
7497
4647
3470
5167
7316
5428
5851
3874
1383
6340
6433
4357
2054
8109
9696
1006
7839
4028
8928
4326
584
1256
4313
5834
9435
9176
2858
1306
3401
6122
2778
2989
627
4596
2261
5139
3088
78
8142
5475
2986
393
7018
7867
7426
5210
9997
3596
1502
2366
4854
4511
7280
8015
259
6890
281
7713
8357
5541
4692
1142
5020
4053
3844
7269
6089
9385
1149
8373
9415
4112
7997
3346
830
5508
3804
1241
6547
3622
1251
843
7481
4187
2190
4045
3307
6973
2261
3878
9914
109
3252
8226
6224
5246
4993
3976
4564
3390
1396
1220
2511
1248
7983
7761
6803
9234
7396
931
9029
6771
8384
170
2928
6093
7583
1188
1786
3125
7620
7177
9264
5111
4530
7037
8476
7214
1149
2307
6967
7604
193
6621
2234
867
3866
7990
8589
2369
1411
5810
2234
4610
5509
6481
6390
8060
1799
3649
9575
9071
5609
5848
9749
1957
8582
1960
7129
8640
7594
7802
3175
1916
9198
7196
9343
683
6445
8391
5296
8030
500
4939
1923
8321
1774
8708
8316
6210
2018
7298
5304
716
3355
8206
9037
4313
9452
2344
8091
6123
1810
5812
4578
5896
5362
1341
910
4253
5636
7795
3437
6628
4397
979
4278
815
2539
45
5039
9343
3616
6458
8990
2041
1925
6731
9630
8309
7199
9610
8108
3839
886
485
3669
1249
8716
1520
6910
4570
3324
1519
7196
2357
7931
8787
8453
902
1792
1383
2221
5991
8439
6788
8102
8248
6790
4470
6309
2604
6004
8754
8935
5517
2861
5806
8700
5552
4067
7958
6541
4584
984
2812
8118
3083
3264
6826
9503
2544
375
4870
1830
1756
7772
7773
514
1119
2512
9936
2361
1630
19
9628
4088
542
4859
2773
8640
12
7583
8082
4966
4326
3792
4226
9503
6985
1322
5135
7698
3954
8304
946
2401
4409
578
6179
775
6852
9021
3031
5012
9914
7069
9951
5721
6122
5635
1361
8582
585
583
6787
5683
7878
5538
7976
843
9639
7360
5632
7393
4677
4469
9643
3217
4298
4820
6884
8354
4903
1036
9547
7550
7946
7044
5451
5938
893
7026
200
6172
1144
2367
3649
9084
1383
335
2831
5520
332
5657
7303
6279
1127
1786
9552
2863
4445
9861
6743
2481
1504
5465
3210
7778
7015
1106
9535
6562
3272
4251
6218
6704
9651
238
7303
2231
7791
8446
2355
2539
8901
276
5982
833
5933
8799
8883
7678
7543
7772
6871
5505
2745
1552
7144
164
4407
9554
1612
1959
4479
5999
9506
3479
3535
2577
630
8938
4221
1559
8602
2211
5834
2015
8716
6738
4621
6084
6708
5620
6817
7142
3306
5880
7860
1219
6734
2350
1229
8655
3439
6519
2275
3551
6405
8161
5377
729
4889
9540
6084
6910
2839
531
3489
6603
7081
2064
247
7309
4023
3421
5657
8630
8248
1836
5716
9315
3126
2927
3233
495
6652
9002
554
8304
6181
8325
6398
7958
8935
9340
2423
8004
6514
9524
7716
4184
2092
1087
7845
8760
2633
1210
705
125
5772
1142
449
3233
4140
7772
6849
6328
8826
7556
5160
1278
7363
2977
6873
1488
4873
9132
2308
639
9500
6481
1785
4820
1052
4640
4751
1832
7682
2232
599
8540
984
7852
7028
1425
272
4455
3233
5817
3896
1630
9549
3629
3455
8841
1006
8154
627
3710
1958
8922
5216
4204
700
2493
2949
1751
4527
3692
6256
2947
1104
4937
4833
9425
4430
9640
1933
4307
5835
7608
9343
6951
9545
5988
483
7778
9951
5718
4421
1002
1643
7947
6151
8147
8373
5920
9372
4474
313
6613
2944
9974
4300
4715
1089
6216
7923
4647
6445
4244
1962
8202
3431
1125
8564
3296
7408
6641
2416
5566
2527
2908
7786
2787
30
5160
3732
1670
6249
5888
3070
6664
3946
9004
5854
119
6932
8338
6507
4774
7197
7597
9093
6398
3866
9630
3446
4976
7072
512
4138
8889
613
4757
8961
9120
1594
1744
3373
9514
2507
2799
8795
5447
8903
8188
4375
5320
6681
8466
7706
1836
8161
1330
3500
6871
5835
7903
9453
8221
8552
635
3341
3964
8542
3874
3416
4358
293
9849
8755
1444
8510
6575
988
5249
124
6329
4406
1849
3541
4634
9692
4338
3944
1086
7678
6481
4879
4261
3840
3620
8019
4380
9549
7162
7214
3022
2114
9390
8540
7565
1972
369
6190
301
2734
8233
3891
5457
4524
5529
2629
8395
9904
3840
9298
7305
3622
7175
7646
7766
3452
9668
4687
8103
7902
1006
7673
2776
4186
81
5920
6921
5710
8367
9849
8867
1680
34
7013
559
5376
4930
8322
8596
1360
3105
3839
564
3250
4348
8317
2800
5400
7196
5650
277
6889
9790
4870
6561
8530
6224
5485
8440
1689
7956
1836
7259
1828
2331
4198
104
9421
61
7361
6872
8186
2910
8592
7749
9280
5532
7123
2158
4087
7773
4886
6890
5758
9044
863
9151
5400
3408
860
2793
7366
5029
9766
9385
7360
7773
6227
4848
5716
499
1250
5732
2878
5772
9100
3010
3062
7044
5675
260
8258
8831
4467
1190
8735
7422
3708
548
9222
7867
8359
1756
5509
6468
2549
2133
916
7775
2130
7098
5221
4551
428
2623
1020
5889
337
7429
9351
5721
7737
9264
7387
6481
8160
8921
2069
893
6871
6848
1843
9873
610
5349
495
3759
8442
4628
1377
3199
2829
6049
5995
3202
7282
503
8824
9243
2733
1537
8754
9905
3278
8827
5629
8171
1126
4545
9415
1388
9403
8055
7676
3220
6226
1281
7516
1225
8545
4343
3616
7203
5486
8683
7656
8039
5084
8466
3695
5585
5484
9339
1368
2366
8015
2603
4044
3839
3551
604
5358
3986
1630
9831
2725
8109
9232
3944
4127
1475
5635
119
9794
8247
3935
7999
8061
5301
1726
3118
9596
5349
7601
4112
9205
3274
2149
1754
8582
1363
5685
559
3843
8088
804
1674
6826
7267
1435
8147
9628
6190
262
3624
9006
1950
7811
4403
4976
4249
2189
6065
2514
3275
5744
2439
5617
5446
8765
8712
7199
4551
6945
9374
2782
7885
6873
1692
3104
5727
3134
7803
750
8527
910
2700
2773
444
4135
7871
6053
9469
702
5613
4759
5780
3816
1567
6325
9846
7374
842
5317
8662
4358
3386
3706
1679
6303
7451
4791
4357
6783
9413
984
9029
2590
2539
9898
7916
6026
2152
3230
3503
8924
8399
7943
5548
7659
1493
8441
1010
2280
4033
93
5428
5817
8475
5165
6292
7455
9619
7049
5613
7497
6279
2955
2500
436
2815
7298
7675
9847
6640
9826
1000
9183
3387
5756
5920
3878
1532
5069
7538
8338
627
5969
6190
6981
6788
9836
1122
3583
5020
5808
5507
8808
6026
8381
924
7441
1031
4640
9891
5617
9734
59
6061
181
9210
3104
930
2221
8316
778
8066
4657
3711
1274
4578
3759
9598
1387
5507
7953
4473
8161
4401
7599
2486
6010
7403
9290
2049
2197
6840
1369
3289
378
2925
130
335
9234
5469
4647
6206
8499
630
5529
752
3872
8685
7129
1082
4804
729
872
6402
6445
3437
9554
1830
7053
3169
3478
4428
7691
6514
8139
5779
7940
2420
5322
1209
364
588
2735
7028
8060
4607
5727
9395
9981
2812
3866
2049
8650
5157
8439
7955
6377
4010
7815
3724
8918
1483
8109
8255
9167
7394
8997
9044
3897
8240
5986
1337
7880
4467
4898
174
3824
6621
8691
9151
8020
5547
7902
2180
5476
28
6062
3209
3152
1225
3292
2258
8221
2699
164
6005
9090
2864
4117
5840
2558
4092
9795
4405
1591
7745
5195
6332
4335
8671
5819
6881
501
8441
2400
8639
3229
7177
7498
4200
3134
5183
4484
7141
5451
1533
3245
6844
589
5716
5587
9238
1450
7106
3536
6099
5910
6996
8980
3024
9413
7009
1229
3229
4725
1066
1519
6380
6778
5935
7945
5582
9773
4520
4417
957
9660
7035
1388
4927
1087
6908
156
7657
7283
4251
8688
3536
1951
9761
3882
1010
1739
1711
1273
1921
7425
7748
489
9643
4799
796
4138
8314
6224
7849
598
6090
3025
2262
3251
2183
2719
2674
7903
8575
8220
5039
591
5697
7399
4166
866
5651
6893
3648
303
5739
8764
1029
7601
6774
4693
9180
706
9983
5301
139
9416
7523
8323
683
5012
3477
4109
638
7679
5178
8094
806
5971
3217
6845
546
7199
341
3866
4757
9297
5838
4406
830
7706
5635
7072
3851
424
4104
7207
275
6872
6689
618
2464
3190
7693
8935
7556
3495
9331
4867
6736
5361
871
6675
6069
4183
6719
9198
4755
4262
5772
1779
1934
6005
7646
7480
313
5165
2636
9480
7812
4776
6622
5849
2171
6567
9252
6646
7303
9032
548
6890
5031
9919
6821
7646
2261
3477
5168
6235
349
3308
2745
2066
754
3317
9923
9931
288
9537
1587
6817
6210
8540
249
1220
4823
9978
6266
6162
3209
7124
9152
4554
3773
5296
1736
1360
1488
5927
7102
7905
9407
9464
4175
9027
2964
3093
1760
2795
5183
7657
9566
6122
373
8066
5772
8059
1519
3622
6523
4403
4080
3184
603
4908
9754
2654
4862
4196
5943
5969
539
9733
2463
2559
9552
1937
6890
139
7540
5552
1420
2515
4607
6881
1456
9917
8934
6183
8442
3881
3373
274
9303
2790
717
2463
8544
1579
1652
5741
2855
3729
2409
4911
961
7958
8221
4084
2267
9178
6096
2106
4298
6984
9159
4486
7039
2228
4551
5488
9643
721
4363
1094
6392
5719
647
8912
2701
2303
6393
8130
3045
6124
9318
7498
8412
5626
8316
7107
8706
3783
8030
2714
2986
5725
44
8439
1791
7273
6871
5346
7761
9514
7472
4716
9480
4636
7477
8577
4173
495
8808
1572
4358
5710
5476
1118
6312
7845
6096
7906
3487
8221
578
3536
572
6338
9157
4662
3928
3176
7532
8285
1336
2741
5773
7142
697
5780
8101
8830
6550
7421
311
8082
5737
2804
6329
3031
3735
2660
6806
6708
1836
9983
2097
2924
7902
4697
1188
8594
4669
4889
5889
907
8091
2317
8124
6596
7899
1282
361
6376
3817
2316
7815
5420
6122
5021
564
6380
8883
1768
1109
895
9155
6693
7804
8466
4146
586
5191
3147
2316
2439
7031
8251
8589
6983
7912
5165
4550
7339
9987
5685
9147
1044
8161
6246
4462
2198
3921
626
4405
8067
4823
3090
4032
445
7280
9291
5452
312
9971
8942
9712
7028
5376
4207
1129
6140
1210
8563
3946
7947
7136
6992
6716
775
1810
7109
3184
8296
744
5657
9218
263
8321
8898
355
4995
6235
4692
3099
4677
4571
9734
5875
1879
2934
9176
6767
5173
8355
9517
948
836
3516
8109
5559
5256
8829
4623
8198
8735
1395
3109
7675
7818
8708
3532
6851
9805
5165
4295
1825
8742
2705
5400
6985
1373
9475
5190
5971
2999
8892
6915
8294
6450
7182
5772
1565
8367
8912
2654
1086
1142
1524
3486
4634
9211
7358
2889
2303
1395
7823
7682
1142
7473
4911
4751
8635
7429
6438
4169
8095
8527
4159
1916
9978
7929
5719
8306
3504
7487
9988
9917
7861
2904
2966
7487
2198
3440
4354
1142
1973
97
4049
4757
4300
5589
3414
85
1361
8446
2610
3207
2658
5036
7229
6845
1786
445
4143
2552
8171
702
8668
1130
3477
3217
8197
7182
5821
6336
3535
3104
5242
7646
7738
3402
5368
3104
5337
6500
9171
4021
91
4739
6484
8173
2786
7855
6312
8309
7748
6633
2405
627
7685
5917
6738
1457
9291
198
3335
3470
4181
3558
4224
9264
3921
7913
6602
4441
750
4186
6768
1225
3500
6894
79
114
6093
3492
3440
2324
2786
9194
8788
9658
9277
6779
8969
9475
5848
1921
3818
5039
2795
4044
2119
7477
4049
9629
4614
5677
8782
2379
5982
1792
9355
6684
2773
4028
3021
826
2057
9211
570
7600
1031
5690
6579
5974
4883
6845
613
3795
3473
8764
4373
6470
2579
395
4993
5635
9479
7124
5012
5747
9931
2699
1971
3674
2231
9907
9916
4224
5140
9331
9030
9218
3275
2741
1829
8439
202
4733
102
7593
5486
9465
6620
4997
8918
7761
6462
8321
2718
7313
5178
1554
5675
6652
4506
9285
2595
8973
2845
1798
2166
6955
3571
1707
1932
5875
6248
5735
9431
5463
2885
8904
2544
4552
1166
9473
2904
2794
8518
6347
6604
2406
6433
2645
4462
5808
9291
505
9317
1210
272
5635
6559
9747
7983
2734
291
1596
7507
3911
3185
7146
1142
6043
4510
6883
3639
278
3752
833
6549
712
948
603
7565
6122
7196
6795
687
5817
4650
5911
6943
4492
6349
8518
7936
9885
4941
2544
8841
7288
809
2101
910
6921
1750
8943
4580
6061
7358
671
3798
7394
9295
962
1331
3866
6123
1109
3050
6890
7303
5773
9628
5590
7480
6903
9910
7026
9482
9815
5092
1142
5919
2604
1519
6755
9971
815
9015
8928
4433
6582
8921
8473
5983
3082
2466
5295
1306
5505
9384
9122
6871
3313
9264
9594
7558
5482
7180
2506
6775
9985
1755
5731
1125
9824
6685
3639
1455
7687
4080
581
5263
2611
8082
8161
6235
1519
7537
2886
1500
3906
8827
6084
2521
5568
4403
6955
2949
7381
1157
6428
5293
5546
6840
8247
5584
1334
9429
7717
8129
9380
2973
5713
8381
9404
7229
9644
9480
7015
9104
6183
7771
9671
1142
2952
7780
5907
6598
7289
8966
7242
3257
7646
8385
5922
7611
7407
4755
4887
4304
2334
8191
1712
3834
2647
5727
4146
6292
8106
4342
456
5312
6896
8644
6256
623
7883
9195
3929
8083
9317
710
9083
5110
3327
3104
7725
5328
3470
5544
1481
8161
5918
3997
6790
7156
4362
3806
8365
1519
2731
1411
1648
2637
5174
4015
7103
8701
4416
7586
3134
6429
2950
3422
7776
2280
4486
1334
6255
2732
5381
8942
35
4793
4471
7203
1416
5755
168
3804
5783
2643
6745
4793
5015
6580
812
1564
3715
3929
2198
2234
3710
9111
632
8221
4131
8529
332
1055
4499
2571
7947
1822
6210
9861
7571
5842
8441
4173
7811
8261
9249
9392
1057
3067
2204
5704
5777
3987
1844
807
3580
673
8294
4379
1836
6577
5400
5925
4552
6005
3923
3424
4629
5585
581
1809
4883
1030
4436
2491
4142
1256
5807
5903
875
4391
1016
991
8077
4019
3630
9195
5506
5585
5063
5781
8103
2699
7164
2539
1369
1546
9182
266
7843
7457
2304
1658
858
2078
8091
9905
4486
971
7203
4617
7172
7952
3300
798
4128
2968
1149
4607
8683
5059
2899
5073
1194
1819
7408
2228
8928
9077
7646
5868
8264
9549
6574
3610
9773
7956
5827
7433
5435
1832
5774
8076
9833
9554
9371
5859
7207
3208
2165
861
4053
4007
1500
9204
4308
2415
6538
9124
9639
2897
2700
570
9628
810
1736
8074
6500
3588
9425
6871
3099
5843
8257
3413
1434
7855
8251
1395
9731
3239
1522
5741
5821
2598
6640
4928
7819
9945
2336
8943
2401
9720
5958
2618
4301
8055
6391
7646
6736
2617
1185
8972
7901
6518
4620
6212
3559
806
775
7818
8355
8644
506
4492
2234
6595
3165
102
5995
982
4379
8829
7946
5890
8422
1618
6075
1817
6646
3416
3032
9445
8279
8185
2409
1559
9905
1816
9628
5296
9484
1679
8113
527
2614
9734
8188
7879
659
584
557
5690
8307
8466
63
5759
940
6731
6731
1857
7988
2303
3783
6804
4580
511
8420
4107
2924
5914
5725
5873
3853
4062
6147
5168
2835
418
8466
5657
3082
8004
832
8325
2651
8567
8227
4692
7882
8119
5703
3393
9628
2000
910
9761
4215
8863
3413
1691
7470
5620
9157
382
2340
6860
4575
5650
7783
775
1822
8026
3328
8341
6894
5814
5154
6795
9155
4952
8560
7676
469
2798
7995
903
1142
1093
4498
3853
3669
1481
149
8862
9737
3093
4021
1041
8010
2601
8948
3168
5772
2343
6724
1810
1813
9745
9901
7146
4204
6852
2157
6714
2228
3147
5595
9883
1916
766
9044
9226
228
8824
7566
9589
9794
8614
6517
2838
9794
5373
321
8362
7298
1873
8642
8304
8896
2642
3739
6653
3130
4916
2812
1706
4423
8788
6339
5558
6828
559
7196
9743
265
4996
2913
4024
1349
7686
609
4647
1950
9685
5972
8066
6085
2290
3823
164
9391
4815
7776
8886
244
9939
5885
559
2385
8466
5153
6541
4093
6817
6183
4212
9858
9567
916
5312
3088
9901
3605
7942
1574
9156
9264
9166
6502
6871
9445
1193
885
1192
7267
810
2566
6843
1084
9330
5845
1330
3592
7732
2221
6198
9446
8590
1086
4049
4358
359
6457
8466
7146
6007
6462
595
1388
8109
9336
4096
3470
7077
8577
875
4131
561
4797
3891
6966
616
4445
6843
6051
8796
3346
1476
7038
4708
4659
7682
7764
9320
1383
9833
6817
5278
2956
3756
1563
9167
8237
3412
1225
1425
5178
3137
2511
578
4687
3829
7719
1873
8670
4472
6398
944
8109
9940
5725
2305
2699
6190
5207
4708
9381
6838
6844
6923
1399
9581
8117
5978
5709
7968
3173
5980
2512
1225
7953
9983
665
903
4889
4672
6598
5937
1382
2245
9702
7589
3827
6934
8918
9421
1036
2048
7650
3315
4025
1756
1181
6260
1459
6664
321
5182
798
1530
3189
8856
490
4403
8505
1736
8017
4724
6800
5400
5193
3474
8383
2165
6890
9813
1465
5773
7407
8293
700
2165
6007
8215
9687
6438
7229
8892
9264
84
729
7827
12
2303
5357
8322
5400
4892
2920
7968
819
3242
482
3711
7358
5958
5606
3938
2539
3853
1679
595
6943
913
2604
6796
7295
7705
6562
2161
4607
5527
8468
750
5097
7172
1338
5710
7143
556
8139
9583
6580
7896
5348
1057
5296
4443
9717
1640
1962
7203
3728
8630
4931
1834
6595
2255
272
5816
24
6688
7294
1409
611
3516
7940
9395
5153
102
9929
9324
3830
8398
108
6447
5076
8199
9067
4088
8661
3451
4338
4550
6179
8007
6904
9499
5296
8886
4527
3055
9628
4820
9317
6350
4430
6427
2604
240
9291
7207
905
9204
966
4700
6521
4816
2419
956
97
5787
9218
3600
1885
3866
2949
2000
8169
6724
2660
6228
7363
559
8304
4312
1986
8142
3230
1374
3638
532
9155
4093
1142
8652
8586
6875
7983
1040
7172
8540
6336
1442
8451
5316
6338
2175
9026
1529
8997
7483
3335
5920
4092
3954
8493
5679
9057
465
1208
710
9873
1455
8057
364
6404
7229
4530
754
9591
3492
8407
8550
1422
2193
8066
4107
4486
7306
9353
3319
1278
2515
8075
8257
6766
7886
5476
6352
1146
5903
867
8035
7018
3717
6801
6955
8800
9433
2420
6553
7599
5012
488
254
7108
8573
1201
8644
4451
4364
4248
1387
4146
2950
1055
5505
7258
238
3451
6261
5223
4040
6878
347
3895
8488
12
7176
1683
3394
8729
867
1278
9715
2573
4004
4481
9980
3433
8227
8856
4108
5919
5221
2525
2974
7301
6481
2085
6597
7914
506
9111
7477
3869
214
102
2510
7034
3495
5985
1178
7035
5909
1819
7175
465
6572
7229
5182
4845
1233
8108
8178
6247
8124
8634
8226
7601
6574
4835
8942
5757
1579
1210
2341
840
527
6820
8837
8220
6231
3337
7590
7006
8827
1256
2652
4498
5958
9201
749
489
4527
994
959
8924
3373
1125
3418
548
5381
4357
4127
1143
8549
6789
6279
7293
2465
263
6373
1990
5880
3691
589
6039
948
9043
4177
2506
5999
6350
8502
7203
755
2051
2308
4441
3457
9876
6356
8371
4546
2864
7377
3908
4354
4577
1334
9414
4173
7710
2159
216
6712
6179
185
1227
7231
6128
572
5657
3202
6690
1804
2973
6545
3549
1960
2699
9044
6641
2445
3440
6661
1379
6910
8826
7307
8036
3036
7547
39
3551
7762
3013
8224
9385
5593
1121
1830
2806
2231
3792
1695
1916
5683
9503
3844
2913
1128
510
1003
512
4403
2845
611
7759
4262
7373
5020
5595
2678
5063
4168
3703
2956
4322
1396
5214
9794
9562
9174
2547
5465
4037
1421
1704
4755
4757
1025
418
3126
6227
872
6108
8810
5706
957
6503
7859
5884
5679
5920
5772
9797
1835
4037
28
2829
3589
6256
9018
8531
2049
1320
8508
9628
1990
595
6303
9745
6347
8007
429
2375
2365
3252
3050
5381
9743
7274
7948
2412
4391
4049
7229
8501
5452
3391
5576
3070
586
3820
7179
8475
4340
7035
6445
6484
6033
7721
1050
3907
4894
3988
5223
3408
6350
7260
7548
9861
9017
9897
9538
4787
3804
2533
9119
418
3561
7987
3065
6070
9311
2032
2515
3911
4358
446
307
946
4177
8118
2946
715
17
3233
4472
6179
3501
9372
7885
2273
4142
1278
7175
8421
1644
3474
5171
9780
5701
6954
418
2701
7824
3356
1549
5171
3793
208
9969
6541
9091
1055
6454
5556
7979
1963
275
7146
5295
5362
3470
6402
8704
4491
935
2800
1754
2830
5259
3401
2051
4216
3597
9133
4017
5499
2450
5123
8070
9103
6928
5856
9767
9308
9881
1127
855
6165
4696
9264
2824
5034
3551
171
4430
8221
5793
4010
8829
2922
7380
1959
6812
457
6041
815
3558
1392
271
7196
1592
1599
8654
2979
8333
5876
5042
1794
5157
1348
4647
7111
8000
7930
6233
6687
8268
525
6929
3787
3891
3590
3451
5142
8923
583
4321
954
7468
3084
9104
3470
9446
8516
5218
5163
5432
240
9668
5170
7821
5223
5508
3371
3828
6903
1524
8630
1109
3250
5463
6965
3551
610
7394
6621
9194
2914
5430
3489
4205
2831
8944
167
4787
2982
7537
1677
9891
5609
2640
8878
1171
7052
531
3586
3939
5717
6552
6122
2870
7267
4184
5142
3886
418
6906
7199
7050
4490
9421
673
2742
9857
3090
3953
8708
3418
4928
7913
9878
3552
4768
9790
7367
3170
776
2591
7419
886
9594
1972
106
2544
6282
1437
3093
321
9448
7646
1638
5827
263
968
531
2098
9959
4821
3138
3616
1876
5859
9091
959
6872
6629
7229
8237
1993
5717
262
3243
7360
2360
6996
2341
262
7987
5504
1950
7610
9852
1090
551
5162
2207
4184
8752
8284
9400
2142
1916
6030
1646
2538
5096
7435
3050
1274
5097
9020
3451
8653
4761
9849
3301
6133
605
9815
8586
7783
9433
2023
7780
3174
9151
2753
1750
6405
2012
7013
5165
3557
625
7248
9536
9509
9185
1278
9871
6128
9645
2999
2404
6561
6985
7543
3246
7571
6226
9364
8630
8333
389
6041
3274
6797
4851
8661
7391
3532
475
4287
7457
6255
9995
9679
180
3681
917
5717
5908
7058
7146
3866
872
886
9684
9849
3082
9368
3521
1416
7360
9350
9198
880
3918
1248
325
4067
4828
897
3021
3776
2757
5716
4403
106
5710
9567
806
7067
754
5059
7928
7479
4171
1529
2288
903
63
2097
7011
9067
4182
5447
3585
8150
8228
3844
5132
2735
1595
9480
7360
9971
4635
9469
9881
1076
8620
6167
7354
3798
6179
9135
591
2040
69
489
6614
6025
6651
5333
5259
7576
8312
3273
6222
6664
6873
3337
2913
6319
5856
2409
1680
8450
9805
7523
1142
9079
9631
1982
6063
9826
5897
3265
8139
8716
5634
2495
8153
2838
8801
4298
6931
6627
8363
9380
925
1190
9989
9298
1680
4392
1210
5562
2347
6192
1713
6750
7719
1289
7500
6400
7182
5335
6980
1242
5845
204
142
9864
2716
3170
5890
8449
9530
5178
4537
8928
1185
7196
4151
1228
381
2502
8701
8742
9709
1788
2367
3783
2333
6205
8648
2463
8753
1523
4999
5124
2541
6425
8534
76
703
1865
8273
1757
4472
233
2466
7068
5727
2964
1491
9781
5328
3623
4277
2746
748
5400
4580
3562
775
6845
6553
255
9423
837
6684
2081
6702
4751
1087
3620
2971
6587
7342
903
4788
3751
8448
418
2461
8378
4654
6577
2562
9400
5267
8034
9467
1762
720
2773
7986
8311
7556
4033
1357
8178
6349
2398
8819
381
9166
6281
3189
1213
9355
4795
9226
9762
2478
8860
8108
2455
2552
2092
9180
8183
1337
9186
6500
5966
1952
496
5278
9436
2233
9849
30
3923
4206
205
8055
8603
4669
3440
5317
8552
4855
1129
7869
181
925
2227
2049
691
3866
6667
3387
2615
6541
1421
4607
9104
7478
2347
9836
9061
4833
3696
4719
591
6666
6246
392
2831
897
271
5541
1546
1220
47
1250
1836
9140
8079
3557
6663
6645
2598
8788
9161
9081
5821
3535
4700
9768
8055
3821
3421
4462
8699
2753
1375
6347
1523
5634
1826
4758
1878
944
5050
6763
8710
4639
1184
9339
3765
1420
5900
4181
1044
9921
5541
2345
9475
4826
8142
2885
954
3281
1785
6632
8341
2977
1720
5548
8494
5491
4072
5938
792
9112
7012
815
2228
9091
3299
5160
7098
7742
6716
2812
4753
949
4552
2493
2839
435
9216
1177
5190
4802
4244
8667
1964
436
6461
2764
3657
1890
775
6130
5713
9234
94
2505
9639
5555
1599
6445
1159
2541
2550
6986
6846
8139
9536
2170
1798
4421
2141
7832
6383
456
5529
176
5493
6258
9659
6481
3217
988
6683
1274
9771
8583
6922
9992
8406
1750
6632
1990
9980
1315
7008
5725
5657
5777
2633
6797
8095
7537
204
8943
8942
4166
9701
713
9524
8892
6534
483
1105
4157
6124
1477
6165
3094
902
2106
3386
2361
744
7472
2219
1490
1466
2598
9692
3005
9992
2507
1483
2983
2731
9715
6371
9734
5720
3830
6670
343
9073
3558
9599
672
7616
4823
4472
8806
6769
3166
6914
4493
4548
2573
8247
6500
2835
2390
6622
4486
5221
4080
5462
6872
4021
4523
675
775
370
8959
1426
2047
4664
2573
5403
3324
6776
6041
2512
1395
7095
4035
6005
8139
4713
6754
9959
9981
4893
4493
4527
9195
5178
136
8274
7467
5182
6338
2336
6514
591
4291
6553
442
1052
4042
3280
4585
4025
1063
1654
7083
6907
3896
7589
9628
8326
456
1810
9203
570
5457
1847
6015
643
1276
5165
6046
349
5613
3903
1265
936
7252
7619
4339
1819
7516
4499
2999
6428
3001
4035
3579
2544
8295
8315
6039
2379
1276
4587
5092
5531
9752
1741
292
8143
6946
5888
9735
4267
9905
5335
2992
4035
2013
1254
7876
5839
9503
8862
7922
1940
5063
7580
3774
1844
8744
1347
6246
7531
9242
2709
5296
7199
9066
6256
8709
6005
5236
2699
456
5703
7936
9055
6465
5784
431
2841
6792
8066
8256
9264
5817
2063
9794
1694
2372
7207
4482
1370
1344
7008
6849
608
4300
3288
2128
4816
8529
9936
1916
3222
5785
3383
974
6107
5024
2971
7104
2682
1377
948
711
559
1974
593
299
8991
4527
3237
2817
6919
6163
6878
9757
954
9462
2303
1142
5482
7292
6531
8147
433
2255
721
1074
8055
6393
449
464
5731
5903
975
5772
4249
9264
7130
6344
6143
3881
2788
1109
8326
854
3678
6793
7679
2176
3184
7146
437
6541
5612
5596
9734
759
5098
546
8396
5384
313
8064
6224
9891
6456
1441
3147
8567
2412
7189
5476
5358
8622
6457
7350
5772
921
4647
7358
9682
4023
5186
1842
4226
1734
6795
1052
2699
4568
3497
4440
6256
8600
9111
9185
5980
9129
6383
9538
2876
4177
1916
4472
4369
3664
9030
5296
7229
2112
2598
2620
8220
3804
3792
3608
7553
8995
8540
5304
9434
8635
9343
2858
8301
2133
9790
5040
5018
854
3267
1370
2165
9340
6075
184
2920
1142
7502
2230
8918
1347
4862
6507
12
8993
6767
8860
4788
5933
2573
8574
9244
680
6299
8019
3098
8707
6530
3819
1229
6574
5882
4060
1157
7216
5772
4495
2002
5671
3598
9053
3532
5142
7740
7112
2705
5657
7172
9602
5116
735
9797
9849
5999
3938
5757
59
3168
4680
8653
7196
1791
4892
8795
4864
3727
984
9711
8196
559
6001
9423
1916
4163
7043
4446
5119
4369
2153
1995
7369
8494
2699
988
9264
30
9507
4269
7307
5838
366
9630
5634
8729
6684
9111
5142
6223
5529
5809
316
2544
512
9507
9044
1217
8833
2015
5911
9713
6806
12
2360
3486
3304
5461
2092
9874
2073
5243
7061
5378
3275
7867
2288
7380
1862
8941
9727
5488
5250
3887
7657
5442
1527
9310
5154
1701
7053
9042
1070
2463
3648
7958
5772
9727
308
4177
3535
2862
7786
7325
6336
7771
1094
5167
1338
7819
6838
713
9573
8607
9849
280
1938
6792
3986
9927
5040
2255
5264
4893
1642
7233
2943
4640
5873
7904
8935
7896
164
4716
3649
4403
1506
5625
8965
9385
2627
7298
4687
681
2051
5546
337
6559
1978
9517
5484
9740
2038
1790
5259
5337
1416
3920
4063
1162
5529
7721
8582
512
2368
3026
5223
3100
9522
6019
1837
8567
6950
3866
4445
3669
775
4782
2307
6931
2519
1736
8442
9696
2835
4790
3025
6428
4481
2257
5540
4799
9480
7817
9897
6430
254
8581
910
1112
1055
5312
7827
451
4786
8021
6559
7070
2913
5500
9045
6185
1248
2777
8965
6546
57
5846
8998
7110
5998
8139
6875
7852
28
7196
7783
8304
9193
9520
2528
5900
2748
6543
85
7682
9044
9589
8595
1240
7544
7828
3425
6998
6970
3664
944
139
2706
1384
8249
5475
1399
8828
1289
6439
5564
3944
4444
2094
3708
7863
8466
7946
8186
5640
3800
1835
7012
4010
4901
6338
2515
3090
7560
931
6679
5903
6236
6325
8935
9006
1185
7520
5243
9740
9651
2175
949
1016
854
2143
7995
1334
1117
4621
5905
4161
6123
444
4251
5337
2880
9435
7408
1779
8826
710
8238
7837
1151
9122
1157
2836
5683
1208
6628
9445
2595
3440
6496
1701
6288
8246
1220
9798
1533
6026
5049
3953
2157
7050
3634
5074
5296
2965
4864
6144
2191
8016
8169
9952
7370
181
1178
8841
2576
2621
4138
3776
9045
754
6462
1736
9264
8180
895
6560
3337
16
6206
2722
8535
3278
3402
9646
9404
7997
5772
1093
4329
5406
3505
3317
671
4093
7863
7989
2116
2680
6221
7523
775
2997
3138
8527
8275
5220
3284
6105
4196
7956
551
8089
1037
8518
6890
6574
6904
3190
8708
1890
8856
9167
3182
3003
755
8943
3946
913
8247
2303
5523
8058
1157
7591
1689
864
2407
4616
6417
9072
6597
8439
7554
2183
205
866
7146
5063
1044
5868
1419
4124
7583
6752
3824
5123
5486
3165
5966
1609
6179
3739
3308
4647
1599
8998
8326
384
6620
1891
2833
3544
5300
7675
5844
142
431
5827
1563
1704
7170
1237
3149
7976
7435
4377
7705
6190
6935
3309
8109
7433
6179
1089
6086
5457
9421
8534
1434
5012
4119
3105
344
4017
9955
8856
9042
7667
2210
3516
5134
7707
3050
6328
7413
444
9382
9052
1857
6336
5167
4155
2777
6450
4614
7969
5520
3544
8708
4467
5463
5317
1937
3305
1988
5837
8646
3929
3600
6393
5228
2448
2997
2068
1630
2624
9423
9762
702
6172
3001
7078
825
1827
808
243
5792
103
2464
4669
6871
4182
2506
4358
790
4398
3029
4423
4194
936
2355
4445
775
4044
6108
6482
3686
6210
8139
5260
3739
9119
3299
4736
8810
2648
8237
8466
8747
1352
6668
4308
5594
8653
3866
9264
9651
559
3222
3401
4063
8775
1816
9891
9251
8040
8417
8518
4806
8252
8286
9433
6383
2824
3505
4741
1826
3615
4509
8292
5741
5508
1937
7106
1035
5974
8552
319
4350
7195
1236
7488
7946
1204
5312
7126
5240
1937
7139
6822
1028
1830
8075
7829
4272
2176
544
4228
3299
6882
435
1417
7604
6336
8860
6064
3997
2908
9914
5030
8215
9469
5642
5209
5317
7985
4665
1811
4527
3685
6349
3407
3580
3544
1818
1374
9878
4481
5683
5218
4059
5649
8661
5359
3539
5553
7191
2699
8680
9198
1086
7121
7379
9670
5532
9437
3695
2338
2262
2646
1296
7364
578
9705
5548
3895
4922
4777
4108
9747
5000
2317
4117
216
1460
4575
3391
9733
8828
2609
9020
1120
8918
816
986
7315
6354
7831
512
4216
1885
2841
815
6073
8374
3980
7037
295
2731
418
592
1957
349
4462
1448
3046
5426
4957
1426
1162
7424
8617
5927
3065
3328
6079
1283
2464
6894
7283
8309
418
6675
512
7519
8286
2461
8259
4348
8563
7622
8827
2661
388
2678
754
4525
2040
7774
6279
4493
7172
4580
6158
2241
12
2569
8787
5546
669
5486
5134
9291
2198
2856
4932
3167
6733
3750
2735
9717
8197
7049
1690
35
1420
6685
7544
5873
6894
8272
7470
2429
6238
1392
1745
6270
2429
5821
6622
3629
5287
6890
5745
527
7350
5905
6731
6249
6771
9620
6049
1599
755
669
5683
8446
12
3470
6531
2316
4180
8157
6450
1109
2573
1321
9668
8233
490
445
638
9573
263
6041
3629
5639
8058
3907
2052
1053
6907
4274
3866
6122
2079
3478
5462
2525
7377
2075
9882
2822
4508
3599
3191
7516
8202
5879
9779
8109
1190
3421
3571
2725
6046
1988
4004
471
3532
4524
6940
7357
9064
1983
5749
2154
1680
7126
7845
6102
681
1933
9746
4911
8649
6492
4580
9460
4768
7761
2064
1420
603
7602
7736
8679
8818
6752
1248
1750
4864
3454
3648
5971
8941
2262
4262
6889
1566
3558
8594
1817
8769
9841
9399
7847
5919
6242
8872
4669
4893
1896
2375
4499
8085
5358
8540
5475
7283
2313
4275
4879
418
1552
1160
4431
8699
8520
1769
3445
4952
9875
1456
961
3793
6269
6492
557
5145
8017
1679
6079
6062
6610
6731
7716
5834
7686
1505
5772
5417
3121
8284
1488
6303
5991
2730
4936
2977
2342
9303
559
8206
4004
3051
6702
8787
8928
5466
1274
2548
1775
5428
7280
725
7103
9155
8877
2966
9714
8900
784
5312
210
8237
5186
3341
6441
1142
2414
7683
8169
6871
1504
3833
6231
6263
2086
6388
7685
456
4808
9554
3337
5142
3391
1603
9849
106
4621
8221
7728
1798
5601
2176
3094
9224
3886
3567
7202
9849
5463
7196
7892
4466
3486
7771
8912
8666
5245
2512
7127
9646
3082
7884
9908
1809
5039
5983
7058
9849
3750
1057
6084
6352
925
7472
2378
9881
7077
4580
2913
8715
1679
3167
1647
8164
4024
610
3030
1074
3441
3843
1441
4434
6968
1063
5812
2799
311
4428
5361
8085
4591
1279
5783
8943
1330
7252
489
7738
7762
1983
3770
4910
1193
5971
193
2145
9535
1159
5520
8191
5683
9462
9227
3567
6437
4403
5223
2018
1687
1219
7581
1940
1388
6904
3732
720
5622
1731
4972
2802
5152
6831
9770
3840
1005
7711
6360
5558
6157
4751
4261
9071
9318
7878
4244
4121
3733
4424
3045
9524
9737
4199
8309
6851
2408
7059
9483
8842
7661
6437
8511
7600
948
3564
4121
8294
293
8197
3307
9739
2502
1348
8918
4557
5478
6592
136
1791
4134
6007
7445
3539
964
6763
5835
6968
3082
4929
9178
5300
4359
4826
5157
119
5271
2979
2306
3126
8542
4407
2953
4470
4864
6447
7783
5012
5772
4739
4406
8173
8709
1448
9385
5897
9516
8819
3115
3787
9433
91
2682
268
4990
1890
8224
603
3166
436
7387
9298
783
6144
1346
671
9927
2952
8942
8228
1879
4214
4040
212
7364
8898
3844
6346
8408
5221
7805
5451
4757
6086
2558
9480
6886
7875
9336
2330
1186
2699
4179
8986
4060
9935
7885
6663
2303
115
6375
2838
8640
2813
5805
12
6428
4765
5134
4210
2019
5470
1924
7143
7054
5548
3070
2500
6304
992
6995
9696
5178
8959
5457
5520
5472
8037
7878
6840
6719
5680
9129
5275
3585
7162
2700
5532
5038
9783
8223
24
4551
2073
4904
1525
3608
2982
8614
2376
7130
1413
156
1826
8498
825
328
3082
6943
1219
2699
27
961
750
3403
1327
2284
1763
4972
5240
248
8149
4036
3544
3866
9109
6603
8256
7131
1838
3050
8822
9264
6883
8972
3946
4028
4586
599
6102
1836
1819
9897
9643
6561
9927
4758
2119
1592
1840
9381
8449
8154
5586
5039
2313
3337
1958
1465
816
9423
3665
8198
3040
8315
5682
6436
8103
6338
9596
6973
8439
2799
8641
8034
4369
559
2827
7736
809
4614
581
2059
7985
2038
5684
5900
493
4300
3328
8933
8401
7862
6567
949
6564
1592
5517
2149
6628
5314
1196
106
4025
2147
471
6815
891
3129
9318
2661
1588
4431
9899
1524
8968
21
3899
1916
6790
2786
168
5561
2704
9402
5486
4333
2441
5295
9371
2347
5376
945
9944
78
280
9743
3844
2211
4300
4355
9479
6414
1974
7387
2376
7775
1271
4228
5126
6766
3994
1524
9675
1916
1057
6534
5442
8275
4701
7079
1657
6743
8086
9039
5206
7170
2647
3397
5674
3868
7646
6579
3655
9805
8513
9321
808
1089
7900
8100
7445
8707
7112
4527
9368
2012
7728
7177
9846
5296
1225
19
8709
2749
4607
5835
6342
4747
7896
2802
4909
3099
984
2178
2094
6804
8493
9562
8417
4755
215
2133
1074
9985
3868
7175
6652
4431
4176
4431
5834
1686
1377
564
1384
5021
2811
1695
6204
8535
6275
8408
8709
115
8523
1185
2576
8151
5785
6015
295
7351
5546
907
7620
8725
7367
2655
452
6914
9611
6260
1300
6094
5772
5197
5012
1950
2704
3325
5400
2123
8513
4303
2357
2943
8424
1973
7271
7229
8877
5400
3495
254
631
3557
8918
4357
8117
6924
1816
2976
5376
2265
8153
6573
7069
12
303
7667
2562
2145
7438
8075
2275
9754
526
4028
570
8257
7948
9251
7457
5903
3579
6041
8737
9112
4743
9421
7566
6019
6671
3421
3686
6246
1537
6083
8442
316
3162
5635
188
8790
5601
1488
9462
7342
8922
559
2198
9225
7987
7403
8221
3930
691
6845
7983
837
8286
2446
2701
5441
663
1601
6336
1500
6621
1146
2222
4838
530
1432
706
5930
2119
4689
8197
2324
137
633
8800
1781
4031
6685
9462
9699
2365
2120
4739
1781
9454
6220
7346
9249
7691
4669
8315
2623
6667
7761
1055
4928
7583
4317
1959
940
9514
9771
6171
2336
446
9673
866
5540
1680
1049
729
5791
6163
6205
8998
5215
3794
3156
5328
2531
9891
8709
2077
1519
2839
3997
1281
5938
8826
7847
83
7675
4432
153
6398
6438
6162
6403
9018
9185
3602
1802
610
5710
6844
9264
4704
1055
12
7646
8328
2949
7184
9343
5858
9983
8655
8964
5268
3895
5012
3741
2986
3585
1157
2576
6053
2461
9593
9849
5887
114
5504
9269
9976
1563
2377
3043
1055
842
8611
347
3063
7008
2422
2861
2408
3377
8876
294
7000
6281
4213
5773
5242
9684
8716
9434
123
577
4196
3740
2530
3616
5205
6260
8483
1411
7304
6279
7649
8407
3700
8674
4516
6857
5880
9480
9166
6138
5717
8989
5019
9821
175
2000
2873
8588
8624
3070
2366
126
6262
6534
1383
3275
2491
4551
1374
1754
3527
8534
7203
5834
1592
8508
9171
6039
2806
7905
124
2492
8295
9330
1021
8036
7124
9381
7233
8333
2465
8995
7433
4077
7959
4552
6602
6122
6445
6061
5054
3551
3629
9849
3192
1990
7593
9380
3209
3579
6492
2645
14
1760
454
2901
3684
1203
3416
9151
5472
8812
2183
8891
73
910
3583
1178
6336
5401
3321
2077
9771
1142
1810
8171
7054
3531
4876
3371
104
9178
760
4085
6574
3486
248
9057
9543
2507
7915
664
3725
3248
4579
9620
7086
602
8904
8060
8226
6376
1916
4143
4421
2115
1503
244
5160
6817
7543
5721
6621
8400
6051
8650
1891
8974
5744
3712
92
8390
6428
255
6989
4020
591
8106
1883
854
3219
1061
5984
5451
1826
2564
630
1222
8534
9628
3824
3233
1666
884
7535
8859
7575
8034
9423
5182
9498
6556
1601
1983
9744
1105
1642
3441
9218
5337
7934
3030
361
9851
2080
6985
5034
9287
7741
9365
6797
864
5690
2037
2176
2544
4355
5522
822
1109
6924
9185
5616
3243
9660
1481
643
7492
428
9794
2981
3250
8975
2461
7274
7085
6513
7229
393
3750
806
9228
9985
902
7396
1978
7311
4010
6363
1117
2987
9900
369
1044
8563
8763
9094
6481
1916
8321
6055
8400
5160
6749
6790
4839
974
6773
1819
8819
6596
495
3649
5759
6051
2576
4421
7363
5983
4612
5663
7097
991
993
5432
5845
1726
8153
7179
5606
2089
4283
2510
5924
4971
3580
4436
8055
2703
9509
3844
6102
2680
1829
1125
3013
1983
9904
559
7477
2880
4952
6774
1295
2455
2952
1003
582
1232
802
5880
8439
3739
2011
8569
1112
6366
4550
5160
6661
9125
9724
2303
7523
1916
8679
3544
2876
4874
3274
3208
4379
8782
9984
7594
625
2701
9897
5228
12
3783
9668
2943
8943
2347
1383
8378
2183
6691
5037
4387
9246
3505
5457
1487
7045
8351
3524
116
1233
3667
1126
4878
3413
6787
3669
4654
9537
1644
1618
1343
4630
2413
8280
8044
2381
5965
8525
1916
9345
6746
6752
6899
3109
1591
5449
1770
8017
1493
4216
5541
7360
6122
7535
6779
3362
2833
5429
12
3386
5604
9322
4979
5718
7538
9453
5165
6622
6488
7274
619
9512
2361
3902
3596
4375
6122
6079
8929
9936
2637
1922
625
1024
6325
4936
7646
7426
8010
3872
6616
9381
7466
9393
5985
368
2409
2809
2901
4642
5644
4470
4216
2501
4746
9594
6354
214
7381
5012
6255
8147
5849
5541
4351
4407
7121
5202
3479
3868
349
4364
5301
6818
6139
5823
6533
9415
940
9795
6338
1995
9931
1916
6951
9981
1564
5647
4572
6714
5890
847
6405
4048
1568
8264
164
2206
5710
7646
5520
688
635
7590
8466
2408
1267
1856
7677
5296
8582
3307
5552
4976
5411
3383
1413
585
7292
6715
4693
375
9466
6698
5817
8964
9611
8150
2741
8422
3456
3440
4300
5092
4836
7305
2699
6433
6157
2439
5058
8084
1096
6878
633
6685
7481
8640
7556
5328
4724
1493
7267
2875
3771
6442
4621
1495
8761
5909
2500
847
7229
4768
7556
1411
4481
7196
9567
3252
954
9984
3082
5254
6391
4414
7795
6911
1506
3541
6800
3965
5670
9091
6428
8075
6231
9092
5126
8373
6439
8650
1241
7676
2625
8974
4470
9959
1892
5295
2023
562
9503
6941
8139
7292
1988
157
680
4379
2878
4322
3813
4447
9771
9364
6903
7682
8468
7469
19
6446
1444
9519
4094
5596
1552
5168
8842
208
399
7594
5411
9187
5065
3701
105
747
4789
6500
8528
6714
609
3710
3456
9158
3739
2097
969
1388
9044
8060
2598
4300
673
1892
7646
7984
4393
6336
3913
8708
3229
2573
5723
7773
3549
3473
6760
4883
4092
2311
6558
1565
6004
3666
6549
1379
3245
6336
837
1157
6124
5835
775
275
2282
1301
8357
2326
5167
6514
5547
2360
1088
5237
4844
7779
9685
9644
8712
4640
296
4324
7590
7347
4634
778
5773
1896
6387
2142
1341
3780
389
5059
5752
9512
5191
1552
8655
8696
5980
6005
8216
2716
245
9254
648
4036
6817
2735
7778
8357
2346
6537
9878
1595
6395
4523
6760
9218
5909
4358
6107
2347
4004
280
9280
4870
4421
6065
6084
626
748
5097
5277
4343
8321
5243
931
2440
1093
9670
7387
8655
5903
7802
468
9673
9473
208
913
1030
7036
4607
3956
3617
8139
1764
6003
9789
1980
7103
7646
204
2306
6586
6221
3106
4964
1096
6622
8935
2616
7763
5535
9849
8768
8439
3199
5448
33
5323
1609
8521
3312
2646
3337
576
733
7771
5040
6547
6151
5042
7323
6033
2968
2106
1619
6871
3928
3732
6801
6371
2470
5181
3242
3402
9125
5838
85
6015
121
8034
3640
3710
1919
1405
3223
3033
2326
3927
5469
9805
3605
1109
7597
7845
3974
1872
5866
8124
7322
736
4853
1209
1029
292
8808
8205
3579
7021
2826
1533
7915
5675
6923
5531
5190
1163
6808
2568
3371
6714
7818
880
2450
4462
1969
2041
720
2098
1055
9129
4889
8417
1326
7424
9745
572
9849
5565
7495
1809
9971
9377
2806
936
3925
7271
1037
4300
586
5092
6303
7106
6447
7266
3839
4558
6122
4685
4974
8545
1405
1077
677
926
6885
8574
880
7487
7175
8800
1166
1916
4878
7587
8856
1841
5890
4629
7018
4412
5563
1991
603
5190
8257
1566
3328
9628
231
3212
1986
3470
4864
8918
8424
9734
8921
3531
9549
254
4040
4298
