21 385
0011101101001110011011101100111100111011010111110011001111101101110011011000111100000111011101010100001100111001001011110110011101111001000000110111011000001110101011011010111100101001000111100011010110101001111011011000101100001100111001110011110010010101111001111011100101011010011110001111100001111101000101000111110011101101010100000000100010111110010100011001010010010111100000101
1010001111101011001110001101000101110101011110001110100010111101100110010101101011101110001101011100101111101010101010010100111001111010001100000101111101010100110011111011011000111001001001110111001100001001000100001111000011010100101001101110100011101100101111100000011100100000100110101110011011111011001100100111100011100000111010001111101110101110000101110000100011111100110001111
1010111111011000011101011101010110001110001101101011100010111000000110110000111010100011000001001111100101100000100101100100011000111101011100110100110111110010101001100110101100111100010001010110000110100110101001101111010011011101101111001101110001110111001111001010110011000001110101101010100100111010110110001001011111001011010011001110101101000001101001110111011100000111011011101
0001111000111000000111101100000110001011000000010001000110100111110011101001000101001010010101001000100000000011101001110100100011001111111011111011100100011010110001100100011110011101100011000111001111110001010101011000101010100010101100001101000110001100110111101111100010110101000110100001110101011010001100000010100100000010010101000110100001011000110111110110111100100101000101110
1010011101010111011110111100010001000110101111000010011101101101111100010110010111100010011101010111110001011000110010011101101110011111010110001001010101111011010101010101101110011011101100001010111101000111110011011101101000010100100111010010011101111001100100110001100000001100011111000010011011101001000110111100001000001100001101100111111001000110011111011111001011000100000001101
0101111000100111111011101101000010011110100100011101011001111110111001001111101011100000111001110011101110000100000000101001110001111000010101111111101010101101011011000111000111000001011100101001111000100111011011110110100001110010000011100000101110100000100101110111011010010001001101111100111100001001010010110000101111100010000001100101110011001010101000010110000010101100011110001
1011100010011001111011100011000101110111111011000110000100010000110101101000101010000010011010101100010110001100100111110101110000001000100011001110000110001011011101111010110001110101100011110010001100010000011001110111000101100100100100001101100111001011000010010000001101011001101000000000011011000110101001101001000100101001111100110001111001000010001001100011010110010110010010100
0011110101111010000110010000101100111101001100110101100011001100111000000110111100000101000100111101101110101110110100100100110000110001001010001010000010100100110110000101101001001101111100011001001111001011111001101111111011100011110011100011001110000111101110000011100011111001001000011100000011100101010010100000101001000001011010111111101111000100100100001100110101010111011001011
0010000000100000000111000001100101011010000110110111011010100100001000001010001110011011001011001001000101100111101100001100100000010000101110100010010110001001100101001110100000011100100011001010110001000100101010110111011001010001101111001111100011101101000000111010111100000001111001101011001110001111111111011011110111011110111000010101100000101110011010001111010000111011011100110
0111110100110101010011001101011100000010000110011000100001000111011000000011010010011111011011110010011000100001010100001000101100010110110111110110110110100101100111100001111100101111101011111100001101010100110101010111100011101011110110101011110110100100010111000011010111001100110100110101010111000011000110101111110101110101001111011000010101110111000010010101010110101111101100000
0110101010101011011110011011001110101000110001101010101001001110010110100100000101111101000111110100110101111101101011011000110000010010101000010111010110111111010011010010011000100111110001100100111110110010001010001000010001010101010011001100000110111011101111011010100011011010001101011100100001011111010111010100010100011011101110010001001001000001100000110001100110011111111101011
1111011110000110101110000101011100011101101110100111111110111000001011101010000010111000011011001100010111110111100101110110010000001110001010010000111000011011011100110010011001010011010011110101110011011111000000101101000111000000101011111001011110010101001000000000101001101010001010110111101101111111001101111110111100010100101010010111000111100000101100010111010011110111100110000
1101111110101110110000100110110011000111000101110010011000010011111011111101110110011111110101011010111001010010011101010010010111100011110111100110000001100110000101010010000011111100010000000111010101100101011001000010010100011001011000101000100111111001000110111011000010001000011110010111100101010011111011011100110001111001110111000000101000111111010111000101000100101001010100001
1100000101111010111000010000001101100110101011000100110010010010100101010111001110111110111010011101000001101111110001000100001111000000100110001001101111110001001000000011011111101010010010111111111100001100010110111110010101011001001011010100111011010000001101011110111101110111000000001111010111101011111100100101001111010101011111100010000100000111010100011000110111100110110101010
0010001001101010110000110001010011011101011101010001110100101110010110011011111111000100111100101110110111000101000110111001011010001011101111100111100010110011001101001010100111100101010010110010110010110100110111010010001000100101110011000011110011001100010010100001101110101100100001000001110110001100110001011101001011001010011101110010110000000111111010011111000001111101100111100
0011100010100100001100000011101100011100110101111001111110100011100010001110011111000101111011101100010101100010010000011111001100101111111110111001000010100010010100011110100000110011001001110100110001101100101100000000111110101111001010000110110110100111111000110111111100110101110101010011010101010000011001010011110010101111010010001101000001101000010101001000000111011010010110111
0011010011011100110100110000011010111010111001110110100110110011001100110000110101111100011010111001111111100110001001000001010100111000110111111011101101001001010110101110000101111001000100001010000111011001110100000010010111111100001101001011011000001000111011010110110001101011011101111000101100010010000101001111100000011111010011011001001100010010111000101101000111011101100101110
0111010101100011000100000110000101001001011001101100100001000010010100000100010000001001001001000010110110111110010100000100001100110001010010011001001011001110001000111110111111011011111110110011000011010001100101000111100101011011110110010001101010100010101100000011000000100001011011111001101101001101101001111110001111001011111000100100011101001110100001011111101111001111010011001
1010001011100110111010100110111001101001101010000101111001000100011001111010010001100101001011101001110110111000110100000111101001110101101101110101111100010010100000110000111000111001111110001001000101100101110011100001101000100110010100011011101111001001010001010100101100001110100000001001100010010001001110100110110010001000111111011111001000111100001101110111011010110010100000100
0101000111000010101101001101001010100111111111001101000010111110110100011111011001100101001110101010011100011011100100100011001000001100001100100110100001110110111101101000010001110110111100111000110110111101011000111001101001001110100110011101011111101010110001101110111011110000010111111111001110100101000100100101110010110110100111001011100110001100100111101001101010100111110100110
1110000001100110110001001100000010010000110110101100100010000101101111100101111110100100110000110001110000101110100111100100101001100100110101111010101101111010110100101010101100111001010110101111111110101011111011111110101000011100011100011111100011010110011110011101100101011011010011011100101111011101000001101100001101110001110100000101011100110000000000101011010100010100101000000
