64 91
1101010000111000000000110000001111010011100000100110101101100011011000111111000001111011000
0111110111100011001100011001011000011000110100100010111000101011110010110100110100111111110
0111001111001111100000011111001010100011110101011000001010110010000001110100010010000101010
0110110111001010000010010011001010101110100001001011010010110000010100110000100111011000010
1001011011111111110001000001111011100001010111101101001101011110000010110001111001011101101
0100111101011010011010001001100110101011000100001110011111000011110011011010010101001100001
0100010011001111101111110010001110111110001110001010101101111100111000100001000101110100001
1111000000111110010100110000000111010010011100000000011011111100001001100000101101110011000
1100001000100001100011101110100110110000110111001000110010000011001011000110000101000001010
0110001010110000001110110010000101101000011010110011000000010000010111010110101000101011010
0001011100111111010001000011010010110100100011110000101100001000101110100111000100110000110
0111010100100011100000101001110111010110100000110110010111000011101110100000000011010101011
0110111001001011011001001101110011000100001100001001111000101000100011011100100001010100110
1101100111100100011110110010001101010001110000011101110111011101010010010010011011100100001
1101111000010000000011110010011001100001000001101110001011010011101011111101011100101110011
0111110101000101011111110000000011000011011011010101010111111100001100000111010000100111011
1010111011001110100101001100011110101001001110000010110010111001101000100000000000001100111
1000101101110110010010110000110010000000111100101011000000110101100100101111110111011001110
1000110010111011001110101100010111000001101000100011001100101001101100010100111100001001011
1110010100010110111010111110111001110100100101110111101010001110001111100110101110101000001
0000001110110000101100001011010010000111000010101011011110100101011001001010101000110001111
1100110111100011110110000010101011100100010011100111010001011001111001001000101110010000101
1010001001000010111000000100001111111110010011000001001011001110011000001000000000101000100
1001011011011111110100101110110010101000011100010000110011001100110101100110111101111010100
0101011110110000101101010000000010101111100001001011110100101100100010100001111010101111101
0101001011010001110100001111010100000101101101010000000111000110110000111001101101100101001
0100110101010101000010110111101011001111000010111010011001111010001110010011101000001101001
1000001111100011100101110010111001000101110111001110001010000100110100010001010101100001111
1011101010100111101101001100011100011100110101101011111000001111011111100100110011011111100
1110111000100101011011000011111011100010100111010001101101000001110101111101010110001011111
1101011110001010001111010000111011111010011010000111110110101110000111010110100111001000011
1000100011011101001101100100101101110101000101101001110110000111100110011111001101101110110
0101001100111000001011110000100110011001010101101000111110110001010110011101010110010101100
1010000010000101111100110001000101001000110100001011001001101101001100111101111010010111001
1010011001110100011100110001001100110010001011000010001001000110101100101110010111111101001
0101000011110000101010110011111101000101000001011110011010101001000010110111000110011110011
1111111111000001001011010101110111000101000000110111010101000011110100100111100111000110010
0110000100010101001100000111101111111100111001111101101010100001110111100000101010000100010
0000100011111100001111110000010111111110111001011000110110101011100011000111110010111100100
0011111111111000100010101010110110101010100100100000010011000011001010000011111111110011111
0001011001100101010001111110101101010110101101000000101010001111000110100010111111101101101
0110010100011101000010101000010001000110101010010011011010011001100111011110110101100000011
1111101010000000110110000000110011101001111111101010010001110111011010101010010110111011100
1101010000111101110000011011111011110011000010110110110111000111100101011011100101111100001
1000101010100111011110111010101001011110000001101000011011001101010101000000010110101101001
1100110011001101100010110011010100111101101011001001000000111000001011100011110110010001010
0100001001101110000111111010000001001001110001000101010111000000110110001001001011111010110
1111101011010111111110001010000101111010011000010101111111111111100001101011111101010100011
0101000011110000111010011111010001101100100100110011110000101101001011001001110101010111101
0101000011001100011110101010111111011011011101100010110010011100111010110000101000011011010
0100010010000011010010010001101111111110010001100100001001111000101011010100010110110011100
1011111000000101011100010001100001000100100100000010010010001011111101110000010011110111111
0100011111101111101010100011110001010100010101001100110110001101000001000101001001010111111
0001000101111010111110110001111101101110011110001111010010011101010101100000000010111100101
0100110001000000100100011110011001011001001000010000100011011001101011111111111111000011111
0110111100111000111011011000001010000100110010100001110011111000101101110101011011110110001
1110001100010011000001110000111001001111110110010010001010001101011100001111100100000101101
0001010010010111011011000101111111110111001010101000000011100001110100100001011101101001111
1010100110010000011111010011111010001110111011011100010111010111000111101000000100101111100
1111111000111010000100000001101010110010111011011001101101011101110101010111000100011001101
1110100001010011010010011011000111101110011010001001000011111101011100100111111111010011100
1100111110010101111000000011101011010001001001111011111111101010011011010110011110101000110
0111110000000110101101000000010010101001001011011101000000000011001100100000101111011011110
1010011001100110111010001100010111101001011000010111101011011100010110011010011001111110001
