105 89
01101000101111001110000011001011100010100010100011111110001100011010100111101011100110110
00010101000101011011100101001101100010100110010111011101010100101100010001100100001111000
01110100100010001010010101010000011001010011111010101111111101100100011010101110100111001
11101100100011010001111110110100110001011001100001100011000100111111011011111111001011011
00111001101011000110000001111101100101001100100111111001110001101011111000010010101001011
01111101000110010100001111111100011110010011011001011100111001011000011010101000111001110
00100010010100110100100010101010000101100000011000110100110111101111000000011011000010011
10101100010010110000110001101000011101100100111010011111000110011111001001011010001110111
10010101011100110000010000111000001111000010001000101101110010000110010011011001010100000
10111100001001110100110011001000110010010110111101110110010100011010010011000110001010010
00000100000100000001111100010111011001100110000001000110101010111001011001001111011001001
00001001011111100011101001011001000100101010010011100000101011011010000100001000010010000
11101111011000000111111111011110010101001101101010111000101010011001101011110011000100111
01011001000111010111001011010101010110010100011000110111001011100111001011010111110001101
00100101001010100010001101111111101110110001011100100010000111001000011011101011101100000
01110100100010011001110100100000111101101100101001010000000000011110000100011101101101011
01110101000001011001010001001110111101000000011111011011011111100010010000001010101000000
10101100000100110100110100110010000111111100101011000011110111111000101011011111111101010
00110000001011010101010110100001110111111001100110110101101001110101010010110101110111001
10101101111101000111001110001110101111011101101100101010000111001111010110000010000100110
10100101110011110110100100001101111011100101100110100100101111001100100110100110100100010
10100010011010001001000010010001011111100000000010111110101101001010100101111110001111111
00101111110101011100010001110001111010101111010101000000000000110011001010100010111101101
10000100111101100100011000010011011001110010101111010110010011100100010111101000001011110
11001000000001111001001000111110010110100001110011011111110000001001011111010010111111000
11011000010001111000001110001100001111111011111111111010111001000101010110111000110011000
10110111100101000110101001010011100101111100010100100100001010001011000111100010000011001
10010001011000010010110100110101110011110000001000010000011001100000111111011101000011010
10101111110000100011011111001110101110001101111111000011110101101010010100111000110111100
11101111010111010101000110001010000111010001000000100011010111111100011011110100110111110
10101110110000011110111111000001001010001111110100101111011010100001001110011000010001100
00001001011010010111111011100101001100101010110101010011101001100010001010001011100101010
11010011111001100110000001000001100001111011000011000000010010100000110001000001101110011
01010010100000010010010101001110011000110110100001010001001111110010101111011011110000100
01111001000000010100011101100111100010111011010000001101110111001100111011110111111111001
01010011010111100000011110001011011010111110000101100001100011111010000011001111000000010
01111001110110100111001000000010101010001000010001001100100101100101101001000010110000001
11101100011011101111010100001010110001000111000111000010111010011010100011101111001100110
01111000001011101100111100101100001001000101101011000110111101101000100101011010111010001
11110000000111100010111001110001100001001010000001011101110111011111011101001000001111001
11000111001010000001001010110001101100000100000000100000001101011011010110111111010010000
11001001110011100011001100010010100100010011111110111001010110110100001010101101110011000
01100001001111001010001110100100011001100111011101101100110100100000010000111101000110001
01110111111011110011001001101111000111000110001000001111000101100111110101101111111000011
00111111110011101110001110000110101111000011101010000011011000000110010011101011011010010
11001001101010101000110001001100110011111110111011000100000101110011110000111010100110111
10101001100001000110111110001110101001011000100100111001001110000100001011000000011001101
00000001001111011010010000011001001001101111010001000000101011011101111001110110011011000
11101010001000011111001110100100010100000100111101011100110011010010011101100111010100100
10100010111000101100010111100100110111011111101010111101101111110001100010000110101110000
10101001111101101101000001001000010000110000010110011101001001010110101110111100010100000
10001100011101000100100001001100110000011000100110101111010100101100011111101010010101111
10110111011101010000101000101010000001000110011111101011101000101111011000011100010101011
01100011101011011100100111100000110010100100011000000111000000011111111100101101111100100
11011000111011010101110010011100001101001100011101010101101011011110010100111001101011101
00110011110011111011001011000001110111110111001100100010110110001101010101000100111010001
01010101111010011010010100000010001010101001100001010001011011111010000010100100001010111
10001011110010111110110110010001001100001000011100111100011011110000000110111011000101000
10111011011000101101011000010010001100001101100010111011100101111001011000100101100101011
11000101111011111110100101011110011101010101110001011011111100111001100010101001111110011
10111000011001001001110001100011011011001101101011101101110101000100100000111010000110001
01100001000100111000100101001110010010011001110010000010100110111100101000011001101111001
01000111111111011100111010100111111101100011110111100001011110001110000101001110000001000
11101111111110011000100100110100110011101110111011001010101101111110110001011000101110101
01101010111011000010001010111100110011010011101101101100101110101101010011101001111000000
01100011001101000110110000101101001000101001101111100110001111011111100000010100010011111
00010111000001001110111111010100110101011010100011110000101011000011110111111111100100100
00100101010111010100111110010010000011110000111001011110110111010011111011000101000111010
00110011010100010001110111111011011110011001101111100111000000111000100000011110000011110
01001111110111001110010010101101011100100111011110111100111101010001011010010111000100010
10001111001110010011101111111110100011111110110111000001110000000001001110001011111111001
10110111001010110110000111110101010011111011100111011001110110011010111110000001000101010
01101000001100000111101110101001100100100010101110000111001100000010001100110011011110010
00100101001010000000101010100000010100001100010011001100100001010101101010111110000110010
01111000010000101111011011001101011111010010011000100011111000001111010010001101011010111
11111100110000001010000110000111110000110100000101101010010010101101011011011001111010001
10010001111001111001010000101100001011100101000001110011001101100001111001111110001100010
10010010000010001100001110110011100101111110111011111000001000110001100111110011101001001
10000100011010100010000010111100000001000100010001000001110011011111011001001101011011001
00011110000100111000010101101111011100100110100000010100010111010100110001010000101110111
00011100100010000001010001000100000100110101100000101110010000101111110100101101110101100
10001110001101010001010111100100110101101101000000100111100110101111010100100100010001111
11000010010110111110110010000011111111110001010101110011001000011100000000100110000001111
01101011101100101101011010101000110100010100110101000101111111111101100110111001101111011
10011100110111111001010001111000011101000011100000101101001101010101101100101101000110100
01111001010101100110010011110100110010111101101111110111110100011000010110000110011001110
01001001001100010011010110100100000100001101100110011000110100101111010100010101110010100
11000110000001001010001110111110100111110110001000000001011100110011101100000100111111110
00001011101110100001010100011111111110001100010011000010001110011001001101001000100110110
01101001010101101110111001100001111101000011001110111111001001101111011101001111110001001
10110101011000010011100001011000111111010111010011011011100000110001000000101001100111001
11010110000011010000110111011100000001000101010010100101000111011011101110011010101111011
11101011010000100011100011101110000110011011000101011010110000100111110011001011111110101
00101101000101101111010101001001011011111110000111010100001101000101111010010011010000110
00011010111000100101011111010110111011100010000110011110011100111100011010000010011100101
01101110110000100110010101110000100011000001011010011010101101101100010110000101010111110
00000011100001111110000100001100000011101100011110010000000000001000110110111010011011000
10010000001100001001101001110111110111111110110110001001100110011101000111101010001101011
11111000010000111001110101110111000100000010001000101111110101001011010001001000000111000
01001011010110101011011010010010000100101100110011101000001011111101110000001001001101110
11100010001000000001111100111010000001010010011001110000011001001100011010111011110110100
00010011010100001111110011100101100001100100000100111110100100010110011101101001010101110
01001110111000011111101010000000100001111011011100110011100100111111100001100001010110000
01010100011111100001011100001101000110111000100101000010010100110101011111001011101000000
10011100110000100110110100110111111011100111101100011000011000001100011010100000101001000
