89 439
1000010111000001010101100011100010111100101111010000000001001000111011100011100101101111011110001110100100010000111000001110111110100010011011010110110011101010010011010111010010001010101000001000101110110111111110100010110000110011100111010101010001110110000011001010011001001011100111010001101000001011110011101110110110000100111010101110000101011000001011000101110011011011010110110011011011001010111000001010101110110011011110100010110
0111010001111110101000100010100101000101010111100010000000010010111001101110100111110100100011000101111011001010000010010011110010100001101100100101110011111110000000100010001001110010111000000000010011110010111011000110111101101010100101110111010001010100101000010010001011010011100111001101110111110001101000110100000111000111001011001101110010011010111100111010110001100101101000101010001100110010100110110011001100111001101100111000011
1110111101010110011111000011100001011101010101101010111000110110110000101111001100000100111100011011001011101110110100111011011110011010110000011010001110111010010111000010010001001100010111010010110011001001101111110111011110101100110010110000011010011100111011000100111011010101001111001100000110111010110100100001101011011001010111000000011011101010111000101101001001100001110011000100101111001101111111100101001001111001101001111000111
1010001100010001100101010001110001001111111111001010011011101101101011010100010110111101011110000000101111110010001111001010000000011100100101101111001100100100011100110110000011101011011100101111111100110110000001100111111001110000011100100100001110001101010000101011100110000111111101011111101111001011111100101011010100000111011001110001011100001110110101110010101000101011011100111110001100100100110011010101000111101010000010001010111
0011011011110000000100101011100110011010111111010000100000010011011010001000100100110000000001010110110110110101000000100101000011010100111011111111001010110100001111110011100110010000011011010101010111011101100100100111010011010000011101011100100111011100001000001101000010010001011101101001010100010010111111110000110001100100101010001111000101110010111101101100100110010001100000011101011001001110110110010110111011111111001010001011100
1110001011110001101111111010110001001001110100011100110011000010110010101111000110100101000001010000010010110001010010011001101111110011010010110101000100011100001101000101110110010100101000000010100110001000101111010110100100110101101101110111010000000110111101001111101110001101111101110000100011100011001110101011100100010011000011111110100001101111110101000001010101011010000111101111101101000001000100100100110000110000101111011101100
1101010010110110001010001101001001100111100100000101011101010110000001010010010001100000001000001011010011000001101101000100000111010010010010110101001000000111010111110100111001110010000111010101011101100001110111101110010000010100010010101101111010111100101111010011111001111000011001011110011011100010000110111011010101000100010001100111100000101100100111100000110101011110100000010100000000110110110001010100101011011001011000111100001
0110101111110110101001100000000101111101010001011111001101110100111001100110011111111000001011000111001000000101010011011110011000100100101101000101001110110000011101100010100111111001010000100010110110110001110010101001010011110100101101011010010011110100111101101011000100111010101101110001001100100111110011001011110011111011000111010011101001010011101000010001100000110110011001111000001001011011010001001001110000000110010111000000010
1100000001101010100001100100111001001111000101110100110100100000011100100110010000011001101100101001011000101110111000110100111001100010000011001101110100011111000001011010010100001010011101101100001110111101101001000011101010010101110000010100000100010100101000111000001111100010010000000000010110100111001000101110110110011011001010100101111100110111111010110010000110010100010001110011010111101111110100001001100101010000110001110110111
0111011101111111001000010101110101101011100111011001000111000001111011111101000100010100000000111101010110010111110000000010101011111110111000100100101100110000011110100000110100110001010100100011101100111000001100011001111110000111110111111001000010101111111001100111000101111110000111010011101110000010101100101010101000110000000001000010000101001101010010010011011010000011111111010111100001100000000001101010111100000001111010010011111
0100111000100101111101111100011111101101111111100010101011111000000110000111001000010101010111111100000011110010010000111100000110111110100101101101110011111110100001110100011111101110001110001011100110011110001110100111111010110101101110100011011001110100111011100011011011000100001111101000100100111010110111111100010111111001010100111010100010000011110011010000010011001001101110001110011011101100001111000111011100001111101011011100110
1010011010001110011000110010101010011011011110011101010011010111000100001110110010111110111111011001011000000001000111000111010101000100010011101110011010010010110111010011101011110011011000011110011010110111000000011111101010111010101111111100101110000101110001110001111111101010000110010110001011001110000100110101100110100001000111110100111101100111111010110100111110101100010001000100111010001110101111100100000100110011011010000110000
0101011110000001110100110100110001100011011001111101110001000100011010100000001111010111011001000101011000000111010001101001110100100000000011010001011100011011100100111110010000101111111000110100011101100100100111001101110110011101011111101010100010110101100000101010011110000010101101010000010100001110110001010100001001001111111000000000001011011101101010100000000010010111011101011111001000010111100011100011100110010111100011101001101
0001001101110011011000100111110110011101110101000100111110001010110000110100100110011100110011000001110111101111110000111111101100011100010100011000111001111111111001101101101111100000100011000101011111100011101111101110010101000101110111000111001000001111010010001010110101001001010001101100100001000010100101000000000110111111001001001011111100100111000110010010110011111001001010010001010011100101110011101000000010111100010000111011101
0010000011100001011000011010111101101010100111010000000101010100011110100001101101001001100110001111111111100010111011101100100010101110000001111010101011001110100011000000110011100001110001011011111111001010101101110110011110001100101000010110101110011100010100010110100111101000001111110111010000110101010110110001111000101111100110111100111111000100111010100101110000011100000001110001010010101111110010010000110010111110101010101100100
0000010000110100001111011011111111010010111101101110001100111011010010101011011101001101010111010100110010111011111001100000101011000000011100011000110010011110111111101111100100110111010111100010010101011001111110010101011100101111011011101010101111010100110101010110100010000111010001110101110101111010010001100110000110001000111011110111101100000010010010000111001110001101001001000100100101101011011111011011100110101001111111010111110
0100000010111110100011011101011111111110110101110111010010110001010100001011101100100101010001100111111010010100111111011111001010110011010101100011000111011111110111101111001111011100001010101101011100110001100010000101010100001101110010111010000110011011010110101100001101101010000001110101110010110000111010100101010010000011000100101001111101000011110111011001001100011110010101010001101001001110101110100110111101111001101110110000110
1011100101000001100010101001111000110101001001101100101001111011000111011110000110100010001110010001100111111100101000000011011101010101011001001100100000111001001011101001001101110010011111110011111011010110101101100101011010001111110101110000101111110001001010101110101110100001110110010010000000010101110100011110111011001001000110010000011100110111011101101111000000011101001010110100010010110110111100000101000010010011000011110000001
0011011000000011101110000100111011110111111110000100100111110111000011100011110100110000101110010010110110001000011110100011010011000110100000010001010011111110001110100101010010111110101010010101011010111110101000010111010011010111110001000100111100001110011001000000010001000110101010111011111100001001101111001100111000110110110010110101001111101001000011000000011001100011000100010011001001011111110111010000101111111011000110001010000
0000110101010001000100001001001000101111010010101111111001001110100011110111001101010100101010010011110101101011111011001100111111010000111100010111001111010100011011111001000000100001000011000101110010101101101101101111011011001000110001101011000101000111111011000101011100001011101010101101011100001111111001111110111101000110110101001001100010001111111111000011001101011010011110000011111101001111110011100011001001110100010101010000110
1111110011100010001100101101011000110111110111101011111001110010000011000010110011100101010111101100101100111111111100001011111001110010000001110000011010111010101100011011100000011111000101110110111010100101010101001001010001000001000110011010110000100100100101111100100101110110000010001101010100110100011110110010010100101111011001111000111110101010000000101001010100110001001101101001001100001111100101101001111110010000011100111111000
1000010110100110101100011100000110010001011010000010010110111000001001100101110011011000111011000100001011000001110010000101101110110001001000011000101101010001011001101001000110001111010010011111001110010011111000100111111000001110111010101101110101110000000111110111100110010000110110100111010001010001010011110100100111000100000000011011100010000010100010011001100000100100000000010011100000110001011011011111100100010010110110011110001
1110011111111101011001011011011000001110001110101000001100011111111010110010000000000111000111110011101110110110111010110100011000011100101111110011100111110010111000010101000101011110001011100001000011001011011100000111001101011011111000001110110111111000001110000110110101111100111000000111000011010000111001011001001000000000101101110000100000100010110110100010100100010001011000111100000001101111111111010000011000000110000010101011100
0000010000100010011001000001000000000010000000101010110110110110101100110010000101110010001111101001010010010111000101111000111001000010011100011001010110010110010001001011010100101111010001001011011111000110100100001000100001101110000010100110110110110111111001001100110110001011100101010010110001010011010011100100001100111010111100101101011001010100110111101001111000101110011011100110000110001001000111110001110001000001101001001000110
1001111110110011100100111110000000101010011111001111110001010010000100101110000111000101010011101111111001001010010000111111001100011001101010010010011001111001011011101100101101000100011010101000110100100110010011010010010110111100110101101100011111110101110000010000011101110001110100111111000000001110101111100100011100100101011101111010101111110010101111010011100011101001110101111001010011100001111111001011010110011100010011110100000
1000010001000101011010001101101101110011111111010011011101001010101000111010111111100011001100110011000001011010100100000100111001101100111010000111101111111011101110101000110101011001110011111100111011000000101101000000101011000101100100010101101101111010100110100100100110001101111000110110000010100110100010000110101010010001111101111000001010000001001111000010111011011100101101110001101100111010000110010101010010100011100010110101100
1110000000001000100010100010110011110110010100111110001000011100011001000110100001100000010100001111010101100100110110111111110001010001111111101110000101110100001001111010000101101111001011111001010101100110000101100011101001100110100111110110000001011110000010100110101110100100101010010100110100110100110010001000010100111101101011001000010110011001010111001100100001010001000001100011100010001001100101011110000000010011010100111111010
0010000100100110110110001111011011001011101111100111011111010011111010100101010011111000111110101000111101100101010101110011001101010111001010011011101110010110010101001100101110001100101100001011111010000111000110110000101000010111111011111100111010000111010000101000111011100000010101000001011001010001110010001010010011100000100000101100000101100010100110000001001111111011100001011010011011111001110011010010110011110011110110011011010
0110000111001010100000010101101110100011111110101011010000110000000001110001101000100110100010010000110100010110001010000001101101010000001100100001000110001111011111100110100010110101011101010100110101101100110110111000101001010001111001110101110100111011110110001111000110000110101001110110110011111100011000011101011110101110100000101001001111100011000111001011001001101001111010110101000001111111001011100001000011101100011100010011100
0001000001100100111101110101101100000000110000000010101101111001001111100001011010000100011111000111001100011110100110001111101110000111110001011101101100010100100111010010001111000110011001011010111101101010000010011100001110100100010101101101100110111000110100100110000000110101010100111100010000000000010010110100111001000100100101000001010000011100000011001100000001000011110010011100001111111001101100010101100010111010100000110010110
1000000001110100010010110001111001001001101111000000101101010110010011111000000011001111000111100001110001001100010100010001111111001101011101000011010010001111111000101001101000111110110011100101111011101000011100110101011001110111001000001110101111011101011000111111110001010011111011010101110001010000101100100001100110010010110110110101111111000101100110001001010000100011000010100001000100001000100101001000001101001011001001011000110
1111010111110001000010001011000111010101000100001110110001001011110101011001001110100010110111000011110010110110100101100111011110011010010001011110000101000011010010011001100111100110010010101001000110001010000011011010010010111100000100100000101011110111000100100110101001000101010010110100110101000100000011100001000010111100100110100001101100100101010111101111101101111011001010011010100101010110000001111110110001111101101110100100011
1010100001100000111001001101001100100101011111110011111010110000000110001111000101011110101111011001101010100110111000000111011001110011011000011110110101111011100101100001100010001010001100000010100010100101111110111001001001001000010001100011001101100000100100101000110111011111101101101011001001010001110001111000100001101000101100011011001101111111000000011101101010011101001010101101001111010111010100010110000100000111110110011000001
1001001101101110011101110110111011110000101010111001110101011100110100110001110010001011011111100110000010001000100011011100010011111110110001011010111001001010101110100000101000110000001110100011011011001101010000001110100100001110010110010110110011001101101000000001000011010011100010100100101101001011110001111100110000000110001000101101011011000101111000010111101111010111000110001100111000100011110110110101101110111011001000110101110
1010010110001010010010100001000101000011011110111110000011011001100101101010110001100111010110101111000111000001111110011010100010110111111110001000000011001100111110101010001001001000110000010001011000000100011011010110101100001101010000111011110001001011000110111100111110001000110111011001110000001110111111100111000001110101001100011100010100010110000010110010010100100010001010010010011110101111010011011010011101100011111001000001110
1111101000110001111100100111101010100011000000010110100101011110101110010001100111100110111000110001011011101010100101110010001101000110000100100110011011001110110111110010000000101010110111101110111110111011001110100011101000011000011111011000001000111001100000111001110111111001110000111111100011100011110010100100011100011100010010101100011011011101101011010110100001000101100010101010110001010010100010100001001100000000100101101101111
1100000100100101101010010111100000100111111000110001000011100010000111000101110010100000100101101110111111001100100001011011001101010101010100010010110001101111010001010000001111100110000010111000101101100011111000011110100000010100110100011111000111100100110100110000001101001110000000111110101100100110000111110100111100111011000111111000110100101111100001010001111111111101101010100011110110101011110000000101000001110111101101010000000
1110110011101110010111111111010101100001111101110100001110111101001001111001100011001110100010110110000110100100000111000001001110111110000011001011011010100011100001001001111110010111111110001101001011100010011011000101000110001100010110111000101111111101101011000111100000100010101010110010100111001101111011001111100011001000100011110110010101000001001101010011100011010011011001101011010001111011110001101001111010110110011111000100010
1100011010100000011000001111000100000111101111110110101010010010011000100111011100110000001100101010000111000110000010010000000001010001101000001000011010010110011011010110010100101010010001111010011010010000010011001001010100101100101101100000110010010000000010000000110011010011011001001000011011000100001000110010000101010111001010010111000011011000101110010001000001100101100000001110000000000000000010100111111010110110110101001000111
1000111000110011101000001100011111010111100001110010101011011100001100010010001011001100111001010000001101101100010101110010101101101110010101000010100101011111100011010110010011011001001100110110001110111011110100001111100011001110001100000010110011100101001000001011001000010011001010100100100000010110000001100001001111100010011001001001010000100111010011110010111001001001011101010011100111000110010110010000111111011000101110001010101
1001111000011000101001000110011111000101100100111001101110110001010000101011001101011101010011110100010111001111000010111111010000100111101011001000110001110011001001011110010100011010111010111001100011101111010111110011101001101100010110011001000001011111001110101010001100000010110001000111101101101101100111100110110101001010100010101110010001010001111110100100010110111101101111000111101001001010001111100001101001111111011100100100010
0101011010001101110111001101010000001110111001110000110000001011011000011111011111100101101000111011110010011100010100011111000111101100101010001010111001101000110001001001011110101101000100011001101100001100111001101101101001001110110000110010101101011101001010011011100101100010111011011111010101110100110101111000001111010010001011001111000110110100011010110010000110010011100111110101111010010001001110000110011001110010111100100011001
0110100101010110001101010001001110100110101110111001010011101011001001011000011111110110010011101001110010011111100110101100010011110011000011101101111011110111010010110011100100011100010001110011011010101111110100101100101100101000011110000110111101111011001001001100000010011101111010010110100010011010001111100011011000010010111001001000111010111011111110100100010110101000001100111011001010011100100101111101111110000100111000010100001
1100011111110110001101101000001111001110111100101011011110100110010111100010101000101101111100110101101100010110111101010101100110000101100110001111010000100110000010110001000111011001011111111110011010010000101001001110001100001100101001001101100001000100100110111111011000110110111101101110101010001100111011000111001110000110010100101100000001101000001110111111101011110100110000100010001110001010100110101011000101100011110011011000001
0001001101001110000001010111110110100010100011111111110100001011001010000011100111001101101011111000101110100111100010100101001101011110101110000001001110010100000011001110001001011100101100000000110000000110111001100010010111100100111100011101111111100110000011110000000100011000110101111011100100101111100000111101100000110101011111001011000110000110101101001010110011111101101010001001101000011110001011111011111011110010000111110011100
0111011000110111111000110110010000001101111000111011000111111101100010000100110011100111101011111110010001010010000001111010101001000101000010010010101010101011111001101110111000011000010111011111000011010010010110101010101010000000101100011001001100110100100000010101100000100010110100110110111001110100111000011001001010010110100110101001110011001100111100010001000100111101001111000101000001001011001001101000100010110100000100100000111
0110110101001100000100001011100101110001101011011111111000011011000000110001101010111111111000100101100100101000001111100010000001111011001100000111001100101011100001111101101101001110010111000000011100110000101100101110110110110110100100001111101110101010010001111101101010110000010110001001110000101100101001011000000101010011111001011010111001100100000111000100000001001101011011110101001111101100100010110001010001101011111001011010101
1110100101011000111100011011110000010101000100110010011110010110100110011011101110111010111101111110011100011100111010100010110001000010001111110110100110001011110111001111110101110011011110000011011111000010011010111000100110011000110110111010101011101110111110101010000111100001111010101011011111011000110111000101110101000101000000011110010011000010111011111011000011011110010010111010100001111110111001000010001000010011000111000101001
1101100100010001001000001110011100000011010001001101000101100011011110010010110111011001111010101010011011010101000110101001111010101000111001100011001010101001011101110110010010110111101000101011011000101110100011100110101010011111100101111111111100111010111000001011100000111101110001011111011110001011000110011011000110011001001110011010011001101010010110001010001100010110000101000000000101111100101100100101001101100100011000000110111
1010110011111010011011010110001000011010000101110110001010100001100010110101000111111001111111001110101110010001010100011101011000010001011011111111010110011011000101000101111000101100100101011101001001110011001011000010001111110010001010110111001001101000011010010101111100010111001111110010011101011101000010100111010111100010011111011111111100101111101110011100101011100000110000110011010000011000111101110110110011100000000100011101010
0100010001001000010010011111111101100011111110111110111001110100000101010101111000110000110100110000100010110010100110101100011011111110101111001010001101100000111000100011111110111011101011001111101101100010101010101000100011001100010111101000111011010011010110111100011001011110111111010011001101001101010101010101011110000110111001110101000001100011001111100001010000101001101101011000111101001001100000110001100000111011111000010010001
1010010000111101100100110100001100100110101000110000001111111101110101111101110111101010100010110100000010101011101000010010101101101100100101011111110101110000010111001011010101110110101111111100000110011000111010001010101011000111100000000001001100100001011001111111101101000100110101100000111000010110111111100000110110111011011110101010101001010101110110001110100111100000110100110101111100101010100111000000011000001111001100101110010
0100010000001010010100001111010000100110110011010000100000001001010001010010101000010100100001100111010100110010000110100000110111011101110100100111111111100011101011101011001001110011101100100001101000101101010011100010000101001001001111010111001000101111001100000101000011101001111011111111111111010001111000111010100011100111011011000100111100111100011100010111010110100110111001111001000000001010011000011000111011011001000001000110010
1101110101111010010010100011001001110000101001100110100001111011100101101001111010000001110011001010100010100101101000111101001101101100001011100000010000100000110111111010000001010011001001101110001110110010111100000011101010000111110111001111001000110000000101010111011101001011000110111101010101000001101000111100011100001011001001110110101011010000001110010110111100110100001100100011110110001111000010001011000011001010010111011111101
0000000011010110100111101000001001001001010001110101100000000110010100001101011011001000000011011001011001101010010110110011110010111011010111110111100101000001000000101110000011101110010010100001011111111101011011010000010110011100000010101000100000001011010111011010000110000000001100000101000100100011010110111011110100000010010111011000100001110101101111110101110011001001101011110001100111000101010110010110101101001011101110111100101
0000101010010001000110001100111110100001000001101001001000011100110010110000111011101101100010011010000000011101011001111010011010011011001011100001110010001001000110110011101101011110100000101000011011101110001111001001101001000101011001011100000110000000100010100100001110100111101001011111111101001110100010100100011001110010110001001100110101110010101100111110010100111000111100110010101000001000011010001111101110100000011111100100100
0100001111011000011100100000101111111001100100101000010011101011110011111000010010011010100100011000111111100101000100000011010110010101111101101100100001110101000000111100010010000001110110011111100110100101001000111100001110011000010000100110101001100011110010011100110001010000110111100101010100110010100100111110001011110010000001101111111000010111111110010001111100011110111110101010010010111001100001010111001101000000001101011001101
1001000101100100101010001001110110010000000010011110100001100111110110110110011100110101011010101100010011011101011001110011010100001010111011010111010011000011011110010111110101000010010011111100101101010001011010011000011100100110001000101110110100101110100111011100110001101111101010000000001111111011101010101010011101101010011111001011001110010100010101100111010111001010010000000010010001000010100001101111110101100100000100110100010
1011111110011011000100000100010110001110001100000001001001000111101011011101111011100000110101011111010101010011101100111101100001100000101101001010011100010000111111101010100101100011010110100011100101101111001100011000110101011000010101111001100000110100111010011010101001011001111101110000001010000111010110001110101111110111111000101111001111101100010001101101110101001101011001011011011101010001001101001001110010011101110111011011110
0100110110101110001110011001111011001010110001101011010110011110110010001011001100000011000011000100100011111001011011001000001011000101010010101101001111111011001010111111111101000111000111011010000111000110110101000001100101101100100100011000000000111101000110100100101101101101011101001011001101111100010011110001001111011001101111111110011111011110010010110001011100111001100011101100111001100011100000110011101011111011001010100100101
1001110000111100111001101101000000101100111000001101011101010010100010011010000110001110001000110101000100100111111101111011001001101010010000101110001100001101011010011010010001001111111011110010111001000000100011110011111010000110010001011001110001110010110111111101000010100100001101110101111011111110001011001110001110001100010011010111111000010000000101000001110101110001100100100000101101110111100100011011000100110010001010100001000
1111101001001011010101011010111000100001101010111001110011101011001110000111101001110000110011010101101010101001001001010101000011111111101010010110001011111101010001101000001011011010101101001001111000100010111011011001100000010110100011001110011011111111010010000001000101100100001010110011011000000010101111101001110110011101101000011100100000110001001101111011100010000111100101101001111010100100110001110110001001110011100110101001111
1100101100110101001010111101110000000110101101101000001011101111111111101001110010000100110001111100010110101101101011000000001111110101011101001100001001001110001000101010100010100000111100111111111010010010000000101010001110001111010001000010100001000101000101000000011010000110010010011001111111010110100111111100001101010100001111101110101001001111010101101011101001011011111100001111000111000010111010011101001111111110011010001111110
0001001000111000001111100111001101010110101100100011111100100011000011011101111111100010100110010011110000101110000010000011000001000001101010111110110011101000100010100001010111100100100000011010100100110101101110100110011101111100111111001011011000000110001011011100010011110011111101111011110000001000011000111100011110001011111000101001100010011100111010101111101000010001100000111001011100110001000000111101010110010000010100000010100
0001011100010010010110110001111111010100101100011000100100011100001010010101000110000010001011001001010000101100000001101001011111010011111001001011100100001100001111000100101000010000001011001010110100110000000000101000110011100111000010110100111011100101111110011110101011010111101100111000111001011111100111100000011011000000100001111101111101100000110011001001000111000010101001000001101110010101010011100000100010101110101111010011000
0000011001100000101011101111101101000100001101101100010111001100100111011101001110111100011001011010111000000111100110111010111000011001001010110101111100110000101001001101010000001111101101111100000011110101101010000100010100110011101111001100100110010010001000110011111010000100101100001101011000011100101011011101001101000100100100110010111011110000100000011001000100101000101101100100001110010000010011011001101111110101100111110010101
0011111110000111010101101111010010111000101100101100010101101100111101110000010000001001111001101011000010010010111011010110100011110111110110001111010001010111000011110001000111010010000011110101010011111111010000100101010000000001111110011001011001100010010010010101100000011111110111010001100110000001100001010001101111001110110010101111010110001110010101100101010101000011001110101110010000001011111111001110110000011011010111001010110
0000111011000101111111110110001011100001110100011000100111101000111111100110100000110100010100010111000111101101010000000000101110010001001110111100000010000111011001001111100100101100000011010100000010110100010100100110011001101101110010011101110001000100110011100101110000011011111110101100001111010110110111001010000100000110001110100111100001000010010100110001011011001001101100100010001001111010110010110000100100100101010111111110111
1101000100100001011001110110000010100110100000111111001010000001011011001000001110110010010000101110011101101000011110110110100011111011101111110101110101110001111010100111011101011111001001000101101111110000111000001111011000110001110111110110110001000100111100011111000011011011010010100000001010111110011101100101110100100100111001110000110001100110111001011101010111110011101100011111011111110101000101010100101111000111001001001011010
0010011110111100111011010010000011011000011101000101001100110111100000000100000110000111100011101001000010100111011010100100100001001011001010111100111011001001100101001100100010101000100111001010110001111100110011101110001000000000110000011100010100010110110111010011000110111100101110011000101001101110001101110011010111011110000110110010000011110011110001011101100101000001100101010111000010100111111110000010001010110111001001110100100
1001000110001000000001011111010100000011001101000000100011011001001001111001001001010001001101000100011110010111100100000110110110111111110110000110111010000111100111001000000011110011011000101010111011001001110011100101101000111000100011100100000110000110100000010111010000010001100111001001000011010001000110000011111011111101100100001010000001101000100110000000100010010000110001111100101111101100100100011001111001110001111001101111110
0000111010100101010001100011110010000101110000100010100011100101000010110110001000000001110010111110001000001101101001111110011100100100110000000100110011010101111100001001101101011010111001110001001111100010011110111011100100011100110101101010001100010001010100110100110011011001000100011000001010001001110011111100001101111111101000101000101010010111100011101110100000010100101000111110011000010011010100101001110001000100101000111100010
1100010011110000000010100000010100111110101111110111001001010000001111101010011000100001100100100110000110011111000000111101010001000101100011111101010110011010000010100100011111011000001110110011001111111000001101101010011110010001110000000110000000001010001100011101101000000100111010010100110100010010001111100001101111010000000001111000110000110000001001101110001001010110111010010101011100100000110001010010011001100100111001010010000
0010010011000100011011111100100001000010010000001011100010011011010001000000000001111101100011010010100100111111101011101110011111101011000111101010101000101010110011011010001100010110101010001010110011011111110001010111011110001001100001110110001010111110110110001001010000100011101010111100000100001011001000011100111001001010010101001110011101110111011011010000001110111101000111010111010100100011011101001010110111011001001000011101010
0110110000111100001001011100010000011101110000000111010110011010011101010111111000110101000111110111010100001100011001100101010001111001001111110011001011111101110010110110001111011111100010100001001110110001100101011011101100010101110011111001100101010100111101000100011111111101101111110101011101100010101001111000011000111001111010001101010100101100101001100001001111010000010001011111001001111000111111001001101010011111100001110001001
1110011100111000101000110101101010100010000100001101111101001101011000000000100010101010110110010110110100110011001010000011010001010100101000101100100100011010101010000000000111101000001110100101110110110111000000000101110000111100010011011010010000000000010010010011110110111100000000001000111111010000011001001001010110001111010100101001000100101101101111000010001101000000111001111100000001101010100100011101011101100010101100110111010
1001000101011000001101010101111110010000111111111001101101011000000000001011100101011111111011010010100001111001111000011111000000110100111010001111111000100011000010000111110001010110110011111111011000101101000010011110001010111011111000010010001110110011001110101000001110110011001010111010100000011100011010011110101010000001110000001110011100110001101110001001000111110000011101010001011111001010110110100110011011110000110011110100100
1111100000110000110000110000100111000100101101010011000100100011110100110110010111000010100101101111111000001010010001010100010100101001001111110010111100011000010110010001100101011111110111100110101100110100101000111001111100110110101110100000100000110000100111001110101001011001110101111100000101011111001001110000101010000010110001111010101000010011011011100101000001001100101101100010100011111111011111100100011010010111000110011000101
1110101111001110110000010000001110100010110000011110101101001100010000011100101011011001100100101001011101111111000100011001001001100010111101001011010101001101101100001111011110010110010111001111111110011010010001000111011101000011011010001000110000101110010011000100100010001101101010010011111001010001001010100111110101111011011011101001011000100110101011110010100100011110010001010111010111111101100010011011011010111101010100010101101
0101100111000111101011001101010000010001100011101100001001100110111011111110000010001101111100011111110001111111011111000110011111000000111110010101001010010111011001111000101111011110110111010100110010001110010101101110001111100100000110111100100011001111101100100010001100110111111000111111101100100100111110001000001110001111110000011000000001011100010101000000001001010110011100101111001101110110011000101010000110100010001010000000011
0000010000100111100111011001010011000100111000100110011111101100010000111010000101101000010101110010001001011001110010111101000000000001100000001000010110010100101101010000000101000011011101111010011001001101001000000110010111110110001011111111111101000001111100010111000110011100000000010110111000101010011100110011010001100000110011010011000001111011101011001100000101001010101000001100100010000011111110101011011101110111101000101010101
0001011010110100001010111000101101000101000011011000011111101011100110110101001001000000110100010011101111101000100100100010011000110000110110100101011010011111010011010000010100000101101000001001110010001011110100011111011101010010010101110100101000100010001001010000111101100000100101101010111001011011101110100110101000001101101000100111111100110001001001111010000111000011010110001101010101101111101101000111111001101101011011101011101
1111000110011010011000101010110101011000000101110110110110101110011001001000011000101110101100100000110010010100010101000110100101110011001011110110110101111111000000010111001000011101010001110010011001101001010100001100001000100000111101000100101111101001011001111001111001010101111010001101111011110010010010100101101000011111000101100101001010100100101010100111001100000001011001110001111110011001011011110011100110100011100001100001110
1110001011111100001000100101011000010111100011101000000011100001000101011110000101101000110110001011110001100100011111001000100011101111000010101011111001110111101010110100110111001111100111001100001011010001000111001010111011011111100100100111010111101000001100010001011001000010110011011111010001100111011011000111011110111111010101000101011000000111100001000010110111010100000011100100000100111000100100100101011001000110110010101111101
1110101000000101011101000111010101111011000110001111011100001111000000100111111000111001001110000100111110000010001011110111111001011100010011010011110101111011001111110111101100011011001100000110101101111001000001101010100110100100011111011010010110100001010000101010011101100011010010111110100010011001101101000001010011000011010010100110000000110111011010100101010001101100011000111010110100000010001111111011000110001011110101101010010
1110001111110001111010111010000111111010101101111010110011011000010101011110101001010001100010111101001100110110010000110101110001001111110101101101110000111011111001010000000110011011100001011101001001001011010101011010011111011100100010111111010000001110110010000101101010001001001010000011011101011101101101011010011000101010001111011100001100011111110011011011110110110011010101110110001000110101110111010010001011011011000011100000101
0100100111010001011100011011010001011011110110011000011110011110001100001010100000001101100110110010110000110110100110011000010011100110101111101010011101000010100111011100001100000100100101111001100100100000101111101101110010111101011001111001111001111100111011111111000000111011001111110111010100000001010100100010101110101111100000110100110011001101111100000001110100100101000110001111001001110101011001101100100000000100100110010110011
1011010010010000100011111001110001001000010010000101010101010110010111010011001011111001100111001010110111011110111011100111011101010010111111100101011000000100001100110001101111010100000010000110000000100011101111111110010011111110100001111001110000101110101010000000001101000101111010100001110110010111111101011000010110001001100111001101101001010001000010100111100010100001100100110111101111001000001101000010001010000110000101011101001
0011010011011011010011000101101000101110010011100101000010001101110011110110010000110111011100011000110001000001010011111001001011000000000000101100111001100001111110110101111110101101010000111111100100010001001111110100110101011011111111011110000010101110011100110001101110110111101111110010101101011100101111011001110111001111101011111001110110001010011110100000111101010001001111110001111110111001001001000111000110000011010110110000100
