81 81
010110110010111101001011001100001011010111101001101001101001100011110101100000100
100001101111100010110000001011001101000111001101110100000111010100100111001010101
111110101000001111101101000010001111101010110001101011110101100111010111100101001
100101111011001000011110100010101111100011011111111000000101100011100011110100011
110100010100110100101000010011011001000000111100110110101001100000101111000111100
010010010101111100001101010110110111110000111010010110011000111111000001010001001
000001111000111010110010010010110111010110101110101100100101011000101110111000010
100000011110001111011100010011011011011100010100001111110110011010101011110100111
000000011001100110000011000101001001011011111100010011110100000011110011100001100
101110111111110010011010010100100011100010101010010111100111111110100101101100100
111011101000111100100010100000010101111011001111101001011111111111000001101010010
110011001100011101101011101100111100101011000010110110010100101011101001111110001
011000010010010100101010111111111001000011111101110011000101111011111110101010111
111101111100001110010100000011010100010000001010001011111101000010111110100000100
011000110010011001010010010001010110001010111000101000000110011010011110101011001
001010001100001100010000101110010011001111111101100100001110111010110101001011100
000000111111010100110100001110110000011010111100101011011001000000000101010111101
100011011111111010000100101011100111010001110111111100100001000011100100011001110
011001011011011101111110011100001110011110111001110001010100000111111010000100010
010111110110000101000110100111110010101100000010101010000111011110100000000000110
011001010011100111111011001010010110011110001110010111011100101100100011100011010
001001111001101010001111110111101101010111011010010101100110100010011001110011110
100110111100101101111000011100111100001111110100011110011101010111111100001010111
001000101000111000111101100111001100000100111111101001111101001001001010001111011
111010000111011111110110000101100001100111010111000011111111001000010010111110010
001111000100100100101110101101001110010010000111101001011000100000001010010001110
110001101110010010111011011011000000110011010011100001111110010010101100111110101
111100011010001011100011110001110000100001101000001000111111001011100100011001001
101011100111010100110000100000000101011100000000010010000010010000110100101101000
000010011000101100110000100000000001101001111011000001011011001001011101011110110
111010110010110010100101000011000111000011000010000011111110000011110111011100101
110000101101011100100001011000101001001110111011001010011110110010010100111010001
100101100111100101010011111011111100010001011011011010101001110100100110010011110
011011010111100110101000000101101010111100110101101100100110101000011111000010000
110110001011111111010110111011011100100110001001100101110010101011000111101001110
100011111101010110100010000111111110101011110110100110110101000110100000011000001
110111101011101101100101110110001010101110000110101101010000010010010101101000011
101100110111011000010010110011111000011010010110111110111011100100101000001010000
011010011101111101000110010100100001100010000110101110111101011000110110110110000
111100001000100111001010011011000111011111111000100001110011001010110001100001011
000011010010100011000110000101011010110011011011011000000011100101100100101010111
011110111001010110000010101110001110101110011010011010100010110001101010010001000
111001000011001111110100100000001101000011111110000110110110100110001000001110010
000011000000110110000000011011111111011001110100110110011101010000101001010001010
011011001110110100100000110010001100000111110100111001010010010100111000101010011
111110111100111010110100100111000011010000000101110000011000110110011111101111010
011110001010011010100100011000001111011110101001001011011011001011110000010010100
001011110010110001100111111101001100011111110111101110001101000010000011100100010
000000000100100010011101011000000001101101010011010110011011011100010100000001101
110101100001011010001111110010100100010010010111000111000001100110101100100101101
110010001011000010101111111101010110110011111010000101110000011000010001111010001
011000011110010101101001100010110010001110110100110000111010001001111000101110101
111001100111011100011001010001110110001010101110101001100000101111111011011000010
101011010000111010011100000000110011111111101010011001001101110111010101100001010
110110000010001010001011011110111101101101111110111010110101110100011111000011011
110010000110000000101101101110001000000100100101101011000111111000100110100001111
000100110001001010011100100011111111000010111110111000000000001110111110011100111
110100100100100111001000110111100110101101011000111011011000110001011111110011100
011110001010011100111000111000001110000100111001111001110010010100000010011010101
011000001110101101111010111110111011101010101001110010011000010101011110001101000
100111011111101000011010100010101110011100010100101101101100010101101001001001011
101011010011100010110111011110001110111110000011100111010101000101110101100011101
011100011111101000010001000100001111011110001011010110011001011100100011001100000
011111011110011001001101101101111100000111010110000111001101110000000001000010110
111010110101100000010010011001000001000010100101010011110001101101101100001011110
101011111011100010011011110110100111000101010011110001111100100111011101000010001
001011101101110101011010001001001100010000100010111110100000101001001001101100110
001011110100000001111001011001001001110111011010101111010010100000110011110010010
101000000010000111110001011010110010101100110100011110011100111111001111100010001
110110010101000101010001000100001111100110010010111010100111011100010001101110001
101111010111000011110000101100110010111100000001011001011011001000011101101011111
011010111111001000100011110011110011111000000101011010100101000000011101101011110
001011011111000001111001101010010100001100100100011010100000101111110000110100011
110100010000111110110100100101010011010010001110100110100010110011110111111001111
111101001000000111101010011100011110110010000011011110110000110001010111101001100
111111111000011110100000000111100001111111110000110100100110000100000111101111101
011001110100110010011100011011110010101111110110011101110011100100110100011100101
001110101111111100010001110100000110000111110001100100111101101000001010101010100
111000111111011111011001000010010110000111000011110010011010101110111100010011100
110011111101110110000111110111100101110011100111100011100011110100010011101000110
111010111000011110110010110100001100111101100011101100111011011100001111100111100
