327 64
1101110011001100100010011001111001100101001101111010010110001100
0100101110111000011001011000000000111000111001100010111011010100
1110110011110010000110111101001010010111000101100011000101101001
1101010000101111101111010110001111010010011100110001100000000111
0100111100000110110100100100011001011101100101011001011101100100
0111011011110111110011110000100011100000111010100001110000011110
0101101100111011000010011010100011111001010110000001101000000000
1111110101111111010111101100100111000010101001100010100110100111
0110000111010111101101011111010001001000101010110000101011110110
0111110011000110111010001111000011000011111111000110110110010000
1001010110101101011110000110110111010111101010111100110100111001
1101011110100010100011111100111000101011101101101000101011000000
0101010110001000000101110111111110111101101001001010101001110011
0000101110111000010000001111101001000111100000010110110001110010
0100011101100010100010011111000000000100010010000000001000101101
0010110110000011111100101100001000010001101110000110010100100010
0110011101011111001011111001011100100110001110110000011101100011
1111011010100010110110011110011100001100110100111000001101100010
1100001111011101101111110010100010010101101011110101010001011010
0110111010000010101111110101111110101000100100110001111101011100
1100000100010100110001110101011101101110111001010011100010111100
0100000011000011110010010000110100110110010111000010011011000001
1101111101011001011000100100001101010000110010001101011010010000
1010000010000001011000010001001011011010100101100000000110011110
0111011110011101101011100111011100001010000110010111101111010100
1111101101001010101001110100010001110000000101111101010011010010
0010110111010000101100111101101100111000111111100110101011101000
0111101010001101011110100001001001111000000010101110110110101001
1000000100100001111101000101000100011001111111111001001001100110
1110010101001110011011010110011100000010100011010010111101000100
1011000100000010010100111111011110111111111111000010001111010010
0011101010011011000111000101111110101000001000111100100110001100
0101111111101110010111111111111100011110000011000110001100010000
0001111010011010100111111101100100011010011100111110001011111101
1100101110011010100001010101110000110000001100100100000010101111
0000000010010111111111010111101101100011010000111111010001010100
0010001010010011100110010010110111011110100101111100001000010011
0111000000101010000001010000011000011011000111111110011011011001
0001011001110000110101010001001101001101010110101101000000011101
0001000000110001100100001010111101100100001001001011110011001101
1111011010100101111011000011010101001110100110100011111100101111
1100010111101001010110010110101011010001111110011100111100110111
0101010100000111000111010010100100001110100111011000000001011011
1110010110000111110110101010000101000001101110011001001100001001
1010011101011101110011111110111111100010100110001000101011110000
1100110110001010011110111000100010001111111010110001000000010001
0001110110100000000100111101101111000111110110000011000110101010
1101001111101101110110101000010110010111000110100111000100100111
1000111011100000001001110010111011001000101101101100011010001110
1110110111001000110101000001010111100110100000011100000010010001
1111011111110001101111000010011100001000111111100001001000001111
1111111111000110011010010011100010111100001000101000101100110111
1101001010010111011110010100110000101100111000101110101011000011
1010100111111000110111110110001111101110001111101110001001001010
1010100111001100000000001000011110100111111000000000001111011110
1011001100100110111000111100011100100010001110101001000011000110
1000010111001111010011010110001011011000001100001101010001001100
1000100111011111010000001010011101111100101010110110111000101011
1000101010101001011110010110101000010101010110011110011000010010
0100100110000001110101000010001011101110110110011001001010010100
0101001110010000101111101110110100100010011101111000110100111110
1000000111010101100110000110000100110100001010000010010101100100
1110110111001010000000101011110101111110011010010010011110111101
0111000011001011000011011100001010010011101000111110011101101110
1110111011011100101110100001110101110011111111101011101111001011
0010100001110110101010101000000001111101010001000101101101101110
0010111110111011100101001100110110101110110011001011011110101011
0111010100111111010000110011010000001011000101000101110110001101
1010001001000001100010110011110001001110010011111111010011000000
0011101110101110011001110111111110100011000111000100111100001010
0001110100110110001110101100111001111101010000010101011111101001
0101100100100110100111001110011011101111100011001011011110110011
1010100000011101110111000110101000110110101011101100100101111001
0100010111101110010110011110111101100110100011000010001110111001
1011101010001000000001110001011110101010010001001011100111110011
0011001100101100111001010100111111101011001110101001000011100000
1101110010100101101111000111111101010011011001011110011100011101
0000101110011000111100000001100110100011010111000101101111000001
0111000001010000101001110100101110011101000000010011100110000110
0011110110111101110011001000100101011000110000100001100000000010
0011011101110110111001000100101100000000111100110110000011101001
0010011010111111001001110001000000111010000111011100111111111110
1011001101000110010101111000100101011100100111101111101001001110
0110010110111010000111110110000111100111100011110101010000010000
1101011101111001100110010001101011010100001101001010110100011110
0101001101010110100000001010000000101111000011000110110011011101
1100010010100110000010001100000110001001011010010011000110010001
0011000110100001010110000010000001011001011111001010111100000011
1101100011111110100011010000011101011011000111111110110110111111
0100001001100011101001111110001010010110000001100100001010010010
0010110011000000100100110001001000011011101001011100101100000100
0011010011010000100001001001001001110011110010010011111100000001
1101110100110100101011111011010110001011001011001011100000101010
0110101110100011000101111010011100100011110111011101010110101011
0011010100011100000010100001111110001111100110110111000000010111
1111010011101010001001000000111101010011101100100000010010011100
0010001000100010010001001011011010110010100101011011101100001110
1001011101101110111111011001111011111011101011000011110010101100
0101110110101001000110111110001011010001011111011001100011011111
0100001010010001110010000011000000100000101111000101101100101111
0010010101011111011110111000111110011011010101000101011111100001
0001011011111001101110001101100100110011110010000101101000110111
1001010101011000101001001101010110110100000000010110011101100101
0100000110110110001100001111110100100111001010100010011110001011
0010110111011111100111001000011010011001100011001010111011011110
1011000000001000000111111100000000100100110011001010011100110110
1001110000011010011000100010000101110110111111100000100100000001
1101001111010010010110100101100110010010111110101111101011110101
1010000111011110001010000110011100100100001100000101000011011111
0010010001001000111111111100111100100000100100101011010100110000
0000000110011110011001100000000000100101001100101101010010010011
0011010001100001101011001111100010111111101101001100000111110111
1001110010111011111000111001010110011110110011101101100001000000
1010101011100011110011100100100011100011100101100100010000101100
1101110010001100000100100001011100001001101011001011000110011000
0001000111000000111101010101101101000101001100111011010000110100
0110011011111010100110101011100011010011110011001011101010100101
0100101010001011100011001100111100010111111110001000100000011001
0000011100001000010110010000011010011110010100101101100101110111
1010100110011100001100101011110011101101000100100100111010111110
1010011010110001101010001110111010011010000010100111111011100001
0011001011101001110110101001000001110111001011101010010110000000
0010111110101110100110010010011010001101111100111000001100110011
1000101111001110101000111001110010010000100011111010001101010110
1010010110101011001100011101001100101110101110011101110001101111
1111001000111110011100101000101110010110000111110001011100110001
0000001001100010001111011011010100100001111110010100011110010000
1001000011100110100110100110000100000101001011101100110001001111
1000101101000101001011000000101101110000100111001101001101101011
0000010011110011110011111010000000011111000001100001110010110101
1001110110101101100010100011110000111110100010100111001001110110
1100011011010010100101000111111001100000111110001001100011100010
0010010101110101100000010100011010011100011001111001001001100001
0001101001000000001000101001000010101101011011011010000001101000
0011110100111001001001010010000001011001011011111000101000000010
0111110011001100100001010010101110010011011101111010101100011100
1011100110011101101100000001100111000111111001101011010100010001
0110001110100101111001101101001010011100000010101000110010011110
1100001001010001001000010001110100100011010010101101100110101111
1111100101111110011101011110011101111111001010010000111100111101
0111101100100010000111010001111100010110100000000101000001010100
1101011010000000101011010010111001110111111110110011111000011100
0110000111001110101100100110110111011010110110100010100100111100
0001011000110000011101101011011001000101110110000110000011110010
0110111010000000100100111000100111101110110111001011111011001111
0111001110001000101010000111000010010100110011001000010001000001
0011011101000001011100101101001010111000000010011101101111010101
1101001011001011000100011111010000101000110011111011011100111111
0001001111110100111110010101111111011101000010000011010111000110
0110001001011111100111000100010100100000111000010001110100000010
0010010101001011001011111111010011100111111011001100011110111111
0010001101110111011010000110001010010000110111011100100111111010
0111111011101110010110101010101100010001111010010011000101010110
1111110111100010001101011001111110000111011010011001110011110001
1001110001011110110000101010111011111111011100011000010011000101
1100011010010010010000011001000101100011111110111111100000101011
1011101010100111010010011000011100011110101110001000100000001111
1000111100010110110000000010101100101011011100100100010011010000
0101011010110010000011000110111111011110111011011110000010101010
1110110000011110000000010110100100111011000111110110110011000010
0111100101010100011111100100000011000010110000000111011101101010
1101110100100100101110010001010100110100111111001110000000101111
0000110001011010111111111110001011000111010110001100011100110011
1000111101111110010011111000001101110000011101000001011111111111
0001111101010010100111010000111100011001100110100111010111100000
0011011101011011101011110011011101000100101000000100011110010100
0101001111011010110101011011011000110101001100110110010001100101
1001101110010010101011010110001101110001000001101001100110100110
0010011010101001000100010110010111100100110010110100001001100111
1111001111111101011011110000111001001110111000001110000000011000
1000100010110111001101101001001101111100111101001010110110010100
0100000010111010010101011000100010010011010110011001110110110111
0100100010100111010100000110101110100101001010011010110111001110
1001010011001001111001110111101011010011010100011111001000111010
0110000010110001110001000011001000100101111111011011011010100000
0100001100010001110111101001010000011101010011100111000100001000
1010011001000101000000111110000101101001101010110110001101101011
1000000111101001010001100001011011011000001101100100010100001100
0110100101100011111110010110000110100100110111001010001010010101
1101101011101000010011001100001101011110000100100101010000000110
1110001011010100101111111110100010010101101111101001010110100000
0010010111010111110111101001001001100110011000100011101011111101
0100010011010110111010001000101111111010111101100001010110100111
0001011001100100111001111111000000011111000010011011100111011100
1011100000001110100000100011111010110011011100010000010010001111
0000011100010000001101111101110110101111110001001111111001110101
1010100000001101000111010110110011100110110100010001001000111111
0010100100001011001000100011110110010000101000100011001001010001
0001101000001111000000101111110001111010110001101011001110000000
1111001111111000010011100100010101001110101011010001011010011001
1100010101111001001000010001001111100110111010110000101111110011
1011010101111000100010101011001110111101010011001000000000110001
1100000110111111101000000110000110101110001111001001001001001010
1000010010101010011000001000111011011010011110111011111011100000
1010111100110001111000010100100110101011000010001101100100011000
0001010100110111010011111110010010000010101100101100000011010100
1001011110110001100000001011111111000010001101000000000100101011
0110100010111111010010000100111100000001011000100111011001010111
1110111000001111100110111000111100101001101010100111110111100011
0011110011000110000010101010001010101100000011110111100101101000
0101001101111011100110011101101100000111010111010101100110001111
1110011001011001100100011010101110111001101001100110010111100011
0010011010010010100110000110101010011110000001010011110111101000
1000011011010010000110001110011101100000101000000000000101001111
0010110010010111111001101100011010101110111000100000110010011100
1110000011000100100010100101101010110110110100110101110100010101
0100000110000110010100010000001011001111101010000010001000000100
1100011110111011001101111011101011111000101000101011110010000111
1000000100100011101011101111000100101001010001011111001010100010
0111111101100111010110110011001110001110010000011000011110001110
0111101110000011011101011010101100110000000001110100001101011111
1001011111100110010010111100010110101011001010111110111001111100
1101010001011110100011100011110010110110011110101100010111001010
1011001010001100110101000101111000100000100001010000110001110100
1100010110111101110100101010110111110101111101010000110000011100
0110011000100100001101101011101111100001111101100010010111001011
1011010100001011001011001000011110101111100101001011111010101011
1010000100001110101011101000001100001001000111101110000101101101
1000000000101000110110011000100000100100110011010000011011001001
0110011101100111111000010011101110000110010101001101101100110010
0100011001111110011010111011001111111011010101110011101010110101
0001011001111001111010000100001101010111110010101000001001001110
0011100010010011001100101011101000100100111110010101001100011111
1010100011101110101100001110011011011010110001011101011101100001
1000000110010011011000101011011001001100100101100001011010100000
0001100100011111100010010110010011111100101000010010011110111010
1010010101000010010101011100111000100110110111100011110101100000
1101101011110011000010111010100011101000111100000001111000010110
0001011101001110111010111101011010111101000111110111100000001110
1010110100111001101101100111100001101111100011101011010001111101
1110011111100011101111100011010100101010101010100010100101001111
1000010001011110000100101110000110111011110111111101110011111110
1000010010100011111011000111000110011010000001011110000011100111
1101101000011000100100110110011001101000001011001101111100111010
0001001100110101001010100110100100100010100100000101101010000000
0110100010110010100101110110111100100101000000110100011000110000
0100110110110000110001010100110101010001000100101000101101110011
1101110110010010010101100011000110001000000101101101011010101110
0011010110001100001010011010100101110100100010111010111010011001
0100000100011100110010000011101111100010010100100001011011001110
0100101111101001000010111110010001111000110000001010001111110010
1010010111011010001100011001001100110101000001010100000100100011
1001000010011101000010010101110000100101111101000011010100010000
0100100011110000011100000010010010001000100000001011011010110111
0011011011011000011010101001110111000000101101111110100000100111
0011011110000011101011110010011011110000110111001100010001000001
1001011101010010110010010110110010101111000101101100001010001001
1010100100010111111110110111000101110100011000111001010011111001
1101110101100001000000010101101111000010001001101001000000010100
0101101100111111100101001000100110010001000011101110010010001000
0011000100111011101001010001001001111101110111001101001001101111
0001000110001010110001000011100101001001001110100100010011101010
1100101111001101111100011111101011100011111101010010011100000101
1111000111000111101111001100001101001011101010101010110100111001
1111100101111010001001100011000011101110001101011111000001101100
0110000011010000111111011100101100100111111111101110010110000110
1111001110101000111011101101010101111000010100011110010100010000
1110100110110110000011101111010111001001110101100001111000000001
1011010100100000001111001001000100011000110101101001101101000110
1010000111010101000101001101011111101010100110010110010100001011
1110100000100110000100000110101010000001111110011001111100111010
0111110011001010001111111000111100011000100100100101010110001101
1000101001101111010000110101000101011100010001100000000110000110
0101001110101000010110000000101111101010000001010001101100000111
0011101100111101000101001001101100011011000100000010111101011110
0111100111011010000011111110100110010001110111101101110001011101
1001101011111010011100101101000110100000101000101011001001100101
1111111010100001000100101011110001111110100001111001010111100100
1110000011010101100110101001101000001100001000110110000101111001
1000100111111000010010111011110010011000101101101100100101010011
1100110111010101000100011001100011010001100110111101110011101100
0010011110100011101011000111010101101100111110100001100011110100
1010110001110010010010001111100001010010001010011010010111101101
0000010001011100100010101001100101110110001110100101100100001011
1100000100010010101101000001000011011001010011001011110110000101
0011010100111001010110101101001000111100111111011010100011101000
0010110101001010000100101101101000001011111011011010100010110011
0111101010101111001111101111100011101010100010110001100011000001
0001010110000101000100010000001001010001000100000011110110101001
0000010110010010011100000101001011010000001001110000010100001100
1111101001010100000011101000110000010110001011010101011110011011
0100101100010010111101101110101001011101001010001101011100111011
0001101110100101100110110011100100001110110100011110100101111100
0101011001111000111011100011001011111011110011100000110101001000
1100110000011110110010111011011101011011011010000011000101000000
1010000011001011000000011011011010010000100111011100101100010011
0111011111001100000101000110101100001111101011011101010001010000
0100011110100011101111010000000110100011010011001110011001100111
0010011101111110001000100000101101110100011110010100110111101101
0100000101011001100110001010110100111101000110001010101000111101
1100001011100101001100100011111101100101011001101111111010111001
0110011100111111010100110100101101100011010001100110110000011111
0011110100101000010100101100111110001001011001001011110000011110
1111010000001000100010010011101010111000000111001000001000110010
1110110101010011011010011101011101110000111110001100111001001111
0111111001101101001111000001101010101000110100000110010110010111
1011011001101101001111010000010111011111000110100010011011010011
0101100100101001011000011111100111001101111011010100000111111100
0111011100010000101111100011101010111001100101101010101100000001
0100011110001100011100100101100001000111111001101001011000100000
1001110100111010011001111011010110000110111011100001110001000001
0010111000111010001011010000001100101001111010000100001011011100
0001001100010011011000110101111111010110111011110000011000011100
1111001010011100100110000011101010111010111000010110110111001110
1000111010010111001111000000110000110011010101001110010011000110
1011000001100110000001110100011010111011111100111011100100101000
1010011100001010011111010101000101100010001100101011010000101111
1001010111011011000010001000101001011000100001110111001100110000
0011011101101111010010110000100100001111110001100111100111101010
0101001111110011000111100001011000000101010001100011101111010000
0000101101100100111000111101101100110000100010000000011001100110
1101100100111111111000011111000110110101110000101000001010100110
1010111101101101101000000100110001010100101011100000000000110110
1011100001110010101101000110010111101111000000110010111100101100
1110000000000100111100000000100011111111100010011101101001000001
0111001001001010011110101101001000100001101010011100100110011111
1110101100110001111110000001010100100010000000101110111111110111
1011100100010110000111100001110111001001000111101110101101000011
1100000000110011010111000100111101101111001010111101001011010000
1111100101110001000011100110111110000010000000101010100010011100
1001010010000001011110110001100100000011011110011011000000100110
0100011011101000011011001101111100101010101001100001001101110001
0110100111110000100111011101000010000111011111101110101011111000
0010100011110011010111101000001000100100011010111100111001001111
1010110101101011001110111100110011001011101101001110000100011010
1000010011110101010000000011001101010011100010110100100101001110
0110101100110000000100101101101110010100111011010110101111001101
