123 274
0110011111110100110101100101000011000011101111100100010100000010010011011100001011000011011100100101000111111010110011101011101111010101011100110011101010100011010000100010111111001010000111011111100111100111010111001010011100001010010001000010110001100011111000001001101101
1101000101110011011011010100101001000010100111010001100100111011011000010011111111001101110000101001001110001101001011111011011111101010011111011011110011110000110111110011111110011010111010011001110101111000001001000001000100010100011110000101001001001001100110100011011111
0101000011010110010110000001111101001000111101110001001011000101001110001101010011101100001111011110111001010010110100101010110111100010111011010000010100011000101100101100001001001001000001011101111001101001000110010010101011010111101010010001001000000100001000111110111111
1110110111001000100011111000001110110101011110100010101111111101110100111001001100111000101111000000011010100010101000010101001001010010000001011111110101001000111010010010110001101111000000011110111110101100110011111111011100010101000110100101100010011110111100100101110110
0001001010100110000100001001110010110000010100110100111011000001010110100110101110001100000001110100010001001010010100101101010110111110010111111101110010010001110001000010001110011010110100010010101100101110101001110100101101011111100011101010101010000001100011100111100001
0010000000001100111101011111010011011001100000010000111000101111010100111111100101110000011010111111000110000000111101001100111010010001000000001011110000010001000100010010000000111100001001111100101110110010010100100101010000010101101000001010010101000001000011011111111100
1011110101100110001010101000101000000010110101000101010100010100100100101011110110110100101111111000000101011010101111100011000101101111100001011100010001000010111000110011110101110010110100011101111010110100011111110000000110011111000010001011100100001010001110010010000001
1111001000001000011011101101100010100100110010110001111100000100100110101011000000111100110100110101010111001101100111100110111001100100000110010101011001010110011001011001110100101001100110011111000101010010000100000111110001101000101110110111111100010010111111101010100111
0001110100100011100000110010101000111101111010110010001000100000011111100000101100001101011001101000010011001101001111011001111011010100000100000110011111010010101011010000100111110110011110110011010010000001111100111001110111110111010010001100111001110101011010010011010100
1110011101111100010000000010100111111111000111110011011010010000011100010100001001100010111101100111110000000110001110101011111100010010111110010101111011000100001011000111111001111100001011011110000110011110101011011111010010010101110001010011101110000001000011000010010011
1110011011010110111111000000011101000101010001010010110110110100001011110110000101110111000010011110100111001011101110010010001111001001101100010101101000000100000000110000011001101001100110100000011110111111001011101111111111110101100011111110010000101010111100010011100010
1011011110110000100110101001001100100011100100110101111010010110000001111011000100011000001010010011110011110100111011011111010010101000111100111110011000101110100000001011010101100000011110100111111010111101010010010101111000110011001011111110000010110010100101000101101010
0100101011101001101101110011000000110001111011001110001000000010000100011010110101100010011010110100111010000010101100001110101110101000000000110011011100110001011111111001011010111101110010101110011011110011010100011011011100101100001101010100111111000110110101101111000011
0001110110010001100001100101110110111101010010100100000110011001010110011010010001111100001100001010101001110110001101001111101101111101010000010000100100010000100010111011010011111101101101011010011110010111000100111011111110111100101111111111001100011100001111001101010001
1010110011111110101111010100100011101100101011101010101111000001111010000001110001111010010011100011011010001011101100101000110101101010011010100010011111101011101010111010011010001110110010100011101000101001001000011110101100110000010010110010001010000111100100111110100001
0010000101000000111100011011010010000111011011010100001100001011011100001101010100100111111100000110111001110101111001100010111100110010011001101101011010101011010010111001011101000010000000101010000100001010100001001001000101001011010111111011110110000010110011011010101100
0010111111000100010011001101011111100011011011011010110100011100010000101100001110101110011111010000010000011000000010011110010010101100001101111111110101100100110110110001110101000010000000010001010110011001101100101111110101000010011111101011100011110100011110100011100011
1001010101011100011111110010000100101110001011010100011110111101110111111010101111100011100001110101111010100000010001011011101001111010101111110110011000111011010111100001110011011011010110011000001001100101001100011101110011011111001111000110001110001100000101000011101111
0111101100001001100010000101100111001001001110000101100100110100100000011100110001111111000010001111110001000100011110110110000111000111011001000101010000000111001110010110011001000010011000110101100111010111011000000110001011011000001011110110101110010100101001100011101010
0101001010010111100000110001011100010011011000100101010000100010001001000101111001101101011001001011111101010110101001101001101000111011111110001101011111011010011010110001101011100011100000001000001000110010100101111101100000110011010110110101010010101111000000111000011000
1010000011101101001110111100000110110011111001000101011111110001000000011101100110011100101100000000001101111101100001111001001001010000111101011001110010100001010010000110010100111100010001100101001011010000010110011011111101001000111110001010011101110010011111000100100101
1011110000110111001011011111011010101111101110110001100111000101110001011100111111111101101101110100001111101010001101010100011001001110100010010000111100111110000010000101110111000100111101111110111001110011110100101110001110111010001000011000000111111000011000001101001101
1011000111010011010011010001101110011100000011010001100100111000011101000011110110000010100000011101000001110001001110101101000111111100011010100011001101101110000010011111101000110100010010010010011011101000001011111110101001010111000000000101011110100101000001001001001111
0011100100011011010001000111001000000010011011110000101010110001001000101000101001010111111011101001011100110010001011110011101000101111101100100000101100100000000011101011100100100011001011011010110011001000010101000111010000011100001001000010111100011111111001011111011111
1000010000111000011100011101010110011001010001000010001011110101101111010110001000000101010001101010110001001101000010010010110111111111110010011010010001110100101010101110011111110100110100110010010001000011111101010010000111110111101101110000100101111100110101011011100101
1111000110110000100001011111010100100111100000000000001110011101111111001000010010110001110000010101001000001000010000111111110110010010010111110110001111110101011010110101011110111100011010011110101101100011010101000101100010010100011110001111011010000010011111111000110000
0011001010100111000001000110010010100101111111011011000011011110110101110001101100000000011101110000111101111001010110111001100101110000110010001011000001101011110110010011011010100101011110001001100101001000010110010111110100010000100001110101001010101111110110111011100100
1000010101111011000111110011011110111111001100100100011000100111101010010110101111110010110101011110110101011110001010101111110010101100001110111010000001110011000110110101110011000000111010111110100110010011001001001100110011101101100111111010010100111100011001111110001000
0010110111010101100011100101110111111100101111001000111111100100011111101011111010101000111001000101011100011000011111000100000010010110011111010111010000001000100101100010011000001001001110000010100100101110110111011010010011101110110101110101011010011110000001010000010010
0111101010110110111110010010001010111010001011010001001000110011010111001101010110011111100100111100100001100111000111010100111010000100001010110100011001111010010100100000111100111011000111110101101000011110101010111100011100010110110111101010001101100110110111101110000001
0100001000100010100011001011011101111011001101111110011100101010101010110100001110000110100000010111111101101011111100111101101000111011001111000111000110011111000111110001111000100111000111010011000000101000010000100011111100000000110010011110100100001111101101010001100011
0001101000100101001001101001001101001100110100110010100001011101001111101101110010000111010100000011111001000001000111010000010011100011011011001011110111110111001100001111011110001110001010110000101010111010010101101000011000110010011110100110011111101001010111110000110101
1000100001100100011110010110011100010000110100110001000011011011010010001010101101010011001100001000100001011101100110010100100000010000100000011000001001011001001011101111110010001101010110101000110001000000110000111101011111101111111110101101010111010100110001110110100001
1000111001101010001010100010011110101000000100110111100101100111111010010110101110000010110100011010000011001011011101110010011110110111001000100010111110110001111110110010101110101000111101011100011001111000011011000010101010011001110010111011101101011100100100011100111111
0011110101100010110011111000111110101100110111111110001101100111101101110100111000000110000010110000011001010110110101000001010100101100011101100011111100101111011100101111011011100100111000001101110001000111000110101011110000001000100001100111110011000010010111101001100111
1101100100110101110001001001100011101101111011101101011110000111001101011110100010101010001010110100000101110111001101011110111101001001110111111000101010001101000000111010101100100000010000110110100101101111101100101001000111110100010101111011000100110100111111110011100101
0100001111111010101010001001111101001101010011001001011110001111011001110111111010111100110001111011000011001110100010001000011100000101000101011001001010011101101110000010110110000101100110001010010000111101101101111100010111110010000110001101010101100111010111110101010100
0110011001110000110000011001101110100100011110101110111111001011001011000010000101110001111110011100000001000100011100011000001111010000001011000110110010001010110100000100000011110110100001111111111101101100011101101101010101010110000101000111001111001111001110100010111110
0111101100001100010111111000011010000111101011110100001001001110110001111010101100100000011100101101010011000010010011010100110000111110110110111110000010110110011100010001011110010000011000101000101100011100000000011111000110100110111010110111100011110111101110001110101011
1011000100111010010010100100111010110110001101000001000110100001011000100000101101111100110110111010000010000101110000111110001100101000000100011011001100100010010110110000001001101011001001010001000101101100000100110011100100010100011101101000011010110101010000101010110110
1110110101000010110011011100010100111001111111100100001001000000011110001010101111100000100100110101110011000111111111111100001011100101101101010001110101101000100010100110001001110001111010010011000011111011011011101100101100001000010101100001101011101011111000001011001000
0001011110000111111111010010000000001100100111101010111011001001001111111100010100011111011111010001110101110000000101001100100100000110001000100100001101011000000011111000010100101001100100100110001101110000011101011001011100100001010010101011101001111001110110011001011010
1000010101100010000000101110100101100110000111111011001100110100000011000011100101000010001100100011111100011001010011010100100101111011110001100101100111111101110001111111001001111000111000111111100001100010101001010010000101110110100101110010110111110110101110100110101100
1111011001111010110010010111001110101000111001010001000010110001011011001101000000000001010011000100100011101100000011010000100010000001111110110111011101111110111101011000011010010100011101110000010110110011010001000011110111010001010011101001110111000110011010101101001101
1101010111011000000100001000001110001011110010110100101001000011011100011000111101001100010010011101011111000100100011010101100010011111011001011100000010100111111100001101101011111111101110011101101011000111001110001010011011101111011000000111101000100001001110011001001111
0010110010001001011001000100011000011110110100001100010101100000011100110000000000001011101000001011010011011011110001010110101000101010110001011011110110000110100101111101100001111110110101110000100010100100111010001001011011011011011000011010011001100000001110011000001101
0101100000100111000111111101000010101111000011011000110100010010010101101110010110100110111011000010001110011000000010111011111110011110110010010000011010111000000111000001000110111011000100111100001001110001010010110101110010111001110110001100111101011000111011101000000010
0010011010110000011110111001010001001000011111110011101001100110110011000110001000111011110001010110010001001001001100101100001011010001101000010100110100101010110000110001000010100110001110101101111001101110100110010101100010010110000111101101100011101100001010010001010110
0001010011111101111110011011101001110111001101010011011110100000011000001101000001000101110110110100101011111010110000111101000010000111000000001000111010110011011110011111111001011010011010111000110001111111000101100001011011000000001111011011101011110011000000100011111010
1100111011101101111010111000100011100001010100001101110100110011101110111100100110010000011110001000011101111100001001011100101001000100011110010111110000010101001001001000001010101101110000111011001101101001001110011011100000100010000100000010011100010110101100101101100001
0011111001111010111000101001011010111011100101110010000001110011010111011001110001001100001000111001110110011111010000000101100100011001010101100101101010110100101100001011101110010010001011001111111010101100101100100001100001111000111001011010000111001011001111100001100101
1101010010101110001100001101011101100101110101101101101011100010100101110101001111001101011100111011100111011000100110011101101000110001110010000011010101101001000000111110111110010000110011111111000111000111110100010001111010111100001010110100001011101010101001000111000001
0011001110000101100110100100101101001100100111001110100111001110000010010101011101011011111101111110011000001101000001100011100011110001001111001100010111011010100110010011111101110100001100111100111110100010001011011101000111110001111101101101010001101010101110001111001010
1011010101110001111111100100100001000010010010111100010010000010110010011010011100101100011010111110110001100000010011010111100001111101011111101000101100011101010100001011111011001111011101010000110010101010110111010101000000011100111000011000111101011010101011101001000101
0101001110110010101000001000101111111001000101111011111011011100011010100110000101011100001100101001011000100110010100000110101111011101110101101101100011010101100010101111100000110111100110000001101010001001000010100011010100010010010111011110111110010000111110110011111000
0111000100100011001101111000010100010000011000101111010110101010011001100010000110001010110011011111001100111000010110101010111010111101100001100111100001000101001111001111001010111111001110010101111000000100011110010000011000111001101111110001111111110111100000110010101110
1010101110001101100000010110000101101110110000110110011001001000110001010010011100101111011101111101001010011100100011111101000110101000011000000001000110010010100000001100100110010001101100110110010111101100001011001110111101100101010010010011111101110000111011110111100000
1111000110000111100101010011011110010010010101000110011011110011111100101111101110110011111010101001010111101010101101000101110100001000010111001110000010011001000110011000001100100110111111011000001110010100101010011100001111010111110000010110111001001100100111010010011111
1000111110111011110100110101010101110001111010101111100101000100011000111011101011001011110000001001000101011000100001001001000100100101100000110101101001101110000000111011001101011111001100101001000101100010111000100000010111001011001001010111101101011000110010110111010000
1101110101100110110101000010000011100110110100111001101101111010101110101111111011000110001100010100110110001110110101111100101010011000001100111101010001001101100100110000001111101101001011111100111101001101111001111110001011001111011011100001110001011010110001101100010110
0010001110100010111010100010110110100011001000011100010010101110100101001100101001101100111010101101100000011001111001101000010110101101110010101010000100100101011101010001110001001011101111010100000110001001111010100110011100110101101110001010001110100010001101010001011110
1110001101011001100010001011101010101011111001111010010011101011101000110010111011110110100011101001110100111000111001011000010100110100111011010011110010110110001011010111100101010110101100100000101110100100101111111101101001001111101001010001100011001101101011111111010011
0010101100010111010100011100101100010100011001100000001111111000001000101001110110110010001111110100110010111101100001000101010000011011010000100101101111011001101010111110000000110101000100111000011011011011010000100101010110110011110111010110101001100111000000101111010100
1000001101010011001100011100010110011101101110010110011100101100001111001100000001100011011101101011101111110100010111000111111011111100010010011000000000111110011101101110111000100100101011110000010111101011001111111110001011011000010111001111000011010011110000001110010001
1001010110101001101100011101101001110101010110100000101011101001110010111101111101110011100010000001100010110100001000000001000010100100001011011100100100101110100000000101001011001011001110111111011001001100000101010101000111010100001111110100001010010001001011111000111101
0111101101001010001100100101000011011101100001011101100110010000101011000000101010000011010010000110110111101101101101000010110111100011101010100111011000010101001100010010010000101101110101001111100001000000000011100000100000110110010100100001100100110110100111111101001000
0100000110001001110101010010110100100111111011110000101010001011001010100011100100101100100101001000010011000010100010010000100000011010010001010111110010001101100100101001110101110111001111001110110011000000011001001110100010001100000010011110010110100001011101100101000111
1010100100101110011111010010010111101111101011010000111011010011101001111101000001000001101110000110000010110101001001011100101100000000011011110000100110101011011110111000010000010001101000110001011011010010000000110011100110011110000101111110011011101110100011101110001000
0011010010110110100001111000001000101001000011101110001001001101000100000001110101111010010111111101111011111101010011011010101011100000001111000101001100100001001000000111001011011110100110010111101111101000001110101110011010100100010110111010101000000101101011010000011110
0011011011110110101110110101100101010111110100110100111100010000101101010100101111100110110100111111010000010111001010000010111000100100100011111111111101110110100110000001100011100100011000000011010010100111000010111010110111111110101010110100111111100100011101011111110100
1011110010110100101100011100010010101100110000011101100111100101111001110110110000101010100110011111001010010010110011001111110101000101000010001100000011110100000000000001001111100101010000001011011111001011111101110110000101010100000101000111000001001110011101101110000111
0000001101011000101000110010110110110000101011001111000000111100111100110001100001101100111000011001011011001001111010001010011110111001101000011110101100101011000000110000001011011101111110001001111111001100001101010100000110001110010110011111110111111100100000101100000111
0000011101101010110011110110011011111011100101110111011000011111100011101110001011000100111101011010011100111110010001000010110011110011000111011011101100011011100001110101001110100000101001111010101111100011001111101101001100111010000000100011011100100010011110010010001110
0110010110110001110110001010100010011011000000101110011100110111110111010010010100001111101100010001001000001100100010000110110110111011000010000001001110111100010111001000000001111001010110010001101111111000111001100101000000111100001001011111011001001001101011011111110000
1010110101101000011011000101101010001011000110110001101011100001001110110101111111011010100100000111100010111001110011001001001100011110111110011010100000111001000110011100101001011111100000101000001111111111000111001111100000100011010100100111111000001001010001100010000001
1110111110101111111111110110110001000110110101001110101111100101001100111100010101011100000110000110100110111110011100110101101110000011001010011101110100110011110111110011011111001101111010101100111111010101100010111010001101110101000000010010001110110010101111010000001100
1000110010101000000010110111011111101110000100100110101111000110110001001010010101101011101010001000000100111001111111011110111111110110101001000110011100011100010011101010010001010100101010101100011100101101010001001001011101001101111011110001101001101001000110001100010110
0001110011111111001000101101011001110010101011111010100000100010101000001100000001010010100101100000000111001001101100111001111111001011111011011101101001011110110010111011110000000100000101010011010010111110110000011001100111110110101110110110111000110111101110111000111100
1101001111101000100111110001100110010111000100110001100100100110111100000000110110110101011000011001011111101100011000101010011110001010101001100000001000011101111010100010100101111011010001100001011010100111010111100100010011110110100000101100010000011110011001011111100010
0111111001101111110001101001001010111110000111000000010111011100111000000001100110010001101011100001111111110101100110100011101101010010101111000001011010100011000001011110111101000111001010110010100111100010111110010111010010100111010011111000011000001010001010011011100000
0011100101110011001011010010000100010000000001100011110110100010010000000000011010111001001000001001101111010110101001101001011011100101000111101000100101010011100110000011101101111100011010000000000011101011100101100011011011010011101001111001110111010101100111001111000001
1101000010011101010011100011010110110100001111110110100101001000111101101100011100111111110000011101100010111001111010101101100011001010001100011110110100000100000101101010001011010100100011011000010100100101010000011110010100100010010001100000001111010010000000001101001001
0011010001011000100111010011010001000001100100111110011001100110010110010001110001001101011100101011010100011011011101010100010110001011010111010101000000001111101000011000010000111111101110000101100010011010111000100011011100010011010000011111101000101111110111101101100011
0011010011111001101000001101010011100101110011101011011101000001101111100101000101010100011011011101111110110110011010011100101010101100110101100101101001011010011101010000110100110010101001000110011011000001010110100100000001001110011001100011011001001001100011110010111110
0111110111111011100010011100010000111101010110000000101011010010001011100111100000011110010001000101011011101101001110110110110101000001100010111000100111101111000100010010101010000011000111001011110101110111111100000011011100110100101110001111111100000010001001011100100111
0010110110100011011100001001111110101010010111010100010110001110110010011100011100101010000011010111101011010101101001001000011001011110011100000100010111010100001110111101101100101100000010000111110001011101110000110111101111010010111111000010001011001110011011010101000011
1110001000111000011100001111100011111011110010010000011100110101111010001000110110111001011011000101100110101110001110111000100111001010110001100001010010000111010101010011001011110111001010010000101010111010001011011100001001010111100011011010110010010110011001111100001101
0100110100010101100100000100011001001011001011000010000110111000100011011100001000010001111011001010010100000110111001110011100101100100100111001101100101101110000000010011010100010011101110110110010011010000000101001110101110011000100100101111011100110010011111001011000101
1010011111001011000000011011011100101010010101001101100000001111111011110110110000010001001011100101011010101100001011111110010001100001011010010111111000101101011100001000001001010110100100001011000100001101000011010000000000100100000110001000111111100000011011011000000101
0101111011011010001010011111010000010101001110010101000111000100100110110011011001101111001011000001011110011111000011111010111101100011000111001000011110001101010011111101001111110001001111110111000010111000111111010111101110111110000100110001101100110001010110010001010011
0011011101110100110101100110001011110001110100110000111110111110001001110100010010000111010101101001100110111111001011110100010110000010011101001000110100100111110011010111011110001010000010011011110001111000001000011010011010111110101001010110011111100100111100110010101110
0111010011111000100000010010110100111110001101101101111010001000011100110000100111010111011111100011010010110100001000101110010110001000011111110000010101110000000100100111000000000010011011011001110101010010101100101110011001111101100100110000101010111011010100010101100101
1110000110111100000101000100011100000010011001011001100110011100000010011111010000110111010101101010010111011111110001100001111010110101010100011111010110001101010001110100111001000011011111011111000011010110010010111010011100000100001000000011001010011000000111111011010001
0011001110110101010111101001000001110001111101010001000100000010101111100011100100100110111110110101011111001001010101111000011100011001101001100110111011001011010110000000101010001001111010011001111110000101110110001110111010101100100111000011111000111001011101111000111110
0001100001000110001011001110001011101101101111101100000111010111001101111001101011111100101110010110001100000101010110101010010101101111101110001010010111000010100010100111111011100111111110001000001010000101011011000110010101101010110100010011111110110000110001010001000001
1110101011011101101111110000000001011110001111110001101001001001110000010101110111011111011000111001000001110000101000101001001101101101010110101001011100100000110000011001111010111001010010001011010010101000011000101111111000001001111000101001000011110010111001111111101010
0100111001100011010001100000010010001110100101001001011010001000011000010000100011010110100100111010011010000111010000000010101010011000001010011001001010101000111011110011011101001010000101110101010011011101001100010001100110011000001111010100001010100001000010010001100111
0111001111110011001010011010111100101000011010111100100001000111001111111010010100010011101010111000011110101111110010110011001101101010110000001001010011011111000111000001001011110101000111010011011011100001110100000111011000101000000000101111001010010100110000000101111100
0000110110010100101101000011100100110001000110101001000001011010001000110100010100001001001100110111110100101011001100100001010001110111101101011001010010111100111110001011100001100100101111101000100000110010110100100110000100111011011010001010010101101101011110011110010110
1011110011111110000100010011001100111110110001011001001110010101110010001001100100011100101011101100100010000010101011011110000110111110110100010111110001101101010111101101100111100110100010110101111011101101011000010000111110001100111001100100100000011100100100111011111101
0110100111100000101110110101001010010000010000011100001011111001100110110110011110110111000010101110111100101110111100001000110001000111111001110000100001010011111000111001110110100001100100001100011111110100000001111000010100101100011100100110001001000001011101110101111100
1110111100101110000110011101001110100110100011011010111011110111100111100101111010101010000011111101101110001110101100100100001011101011001110010101111110110011000111011011010100011100100101100101000001110100101010110100011001111010101011001000011000011110011010000101011111
1111111100100111101101010001111100011100110011101101000110001111110101100101010100010101100101011101011001001011000010001011100011010111111011111000000100010101000011101100000100100100101111011001011100100110100100111110010000101010000000010110100011100100110011000100111100
0110001101000110110010110001100101101010010000011010001000000010110011010110100001010110110010001110010101111110111110100001010101100111110000011100001001100110001100011010001010010110110101011101100100110011011010001010111101001111100101011110000101101011111000010001010101
1011000101011100011001010000100011111001100001100000101011000011000100101101011011111010011000100111101001101010101100100000010101000100000101001110000011010001101111101010110111111110010110001100010010011000111000111100101011110110111111100110101111101010100011011100011000
0000111011101001001010110101111011000100010001101010001101010011111010011011110011001111111110110011010010111110000011101000111110001001010111011011011111100110110100001000100101000110110100111101100100100110111100111011001101110100100111100001110011010110001010100111100110
0011010000110010000100111001111011110100010011000010000000101100011001001010010000000001001111110110011100001001000110010111000011001111111101001010110101101101111000100010110000111100010111000100010011001001010000000001101101000001001101011011010010110000100110010101100001
1001111000110011001010011111110000011110101010111010010101011001000011010111100001111101011111001000001010100111000110111011111001001000010101001000010011100000100000011001000100001000110110000001100010010000000101110110110111001010011010010101010001010100010111000101110000
1011011101011000111110101010010110111000101101100010000011010011000001011100010001000001100111011111011101101111111100010011011100100000111010101111111110111010000000110001011100111010000101101011000000100010000101001001111010100100000000010001101001111110100001001101100111
0010101010111111110111011101110110100111100010001001000100011101101110001110111011111001010001111000100011000110001000111011100000010010000011000000011110000001000010010111001001101010111111010111100111011001111010101000101111001010001101110000110010101000101010010000110000
0110101000100011100110111111111100110000011110000001110001110000000000011100101111000101010111111111110010101000100110001110001100011100111011001011001110110000000010011110000001111000001001110111110010010010101100100110001010000001000000110001001010110001101101011011001111
0111000100100001101110010011100100100110100110101000001001101011001010111100010110100101001100101000111010011001111101001101011110101100101011101011000110111000001011000001101000000000011110100001001001101000000100101011011011111010000100111001010011100000101001001000111011
1001011111101001000111111000001001101010000100001010011111001101111000000110101000001101101011000100010000110000001001111010111111010010000000110010101001010101100110010001010011101001100000111000001001100111001101000000111011010100111110110010010000010111011001110011001000
0011011001111000011101111110100001111011011111110011100000010010001111010101110111000110111101101110011011100111100111100010100111111110000101011000110011010101011100111101100010101100111101001101010110001000010111100110010110110101001101101110000011000111100100000110100011
0000011111011111110110101001001001000110011110100111100000000100001010000111001010111111010000101010010010110010101000100100011110101000001000011111011001001110110111111111101010111010000110111000111000100000101001001110111011001101111000010110001110001100100010100100101100
1000011010111011000010110001101000101001000100110111101101011111100100010001010101011101000101110100101010111100011100010000110100001100111100101011010111100101001111110000010111100111001101001111000000011000110111010100100011111111110011100111111111100101001110010111000001
0111000100000001101111001011110101001011110110000111100001110100100011000011011100010011100101111110010011100011110100010110001101000010000011100010000011111001100011011010110110010011100010001000101000111110111111001000101001010100110101100111001101010110010000101111001011
1110111111000000100001110100111010001110111111101100011001011110110111100011100110110010000111111100010001111100011000000010001111110110000100100000000111111000111100000010000000001010101001010110110011011101101011001110011010001000110000110101000101100111110100111101111001
1011010101010000101000000111100101001101000000111001001010110101101011110100110010110001110110001000110100011000011001111000010110001001000100100000011111100111110010110100010000001111001110000001011001001001001010100011011001000110011101000101111110000100000011101011101110
1110011111011101111010011010100010101010111001101000011110001010000101111111001110011110010111101011110001000101100011010100000001110000101111011110000110110110010110100001100010100111100010011000000000001000010001101000000110110101001101111011111111110101010000100011010111
0000111101000011101000101111000001000011111001111011001110010101001000101101010110000010001111010110110000001011011110100011010000011111111100001111101010111011010101001111111001111010011110010000000111000100000001010001010010110101101100000000111010111000010100011011011010
0010000011011001110001010001011000000000101110001001101101101011111100110101110010111001010101010100100010101101010100000010111001001000110010110100000011000100010010000111100100100101000010111111001010101101111111111100111101001100010100010111000110101010110011010101100111
0111001111101101110001100000010001100111001111010110000000001011001010111000011000100101001110111010100000001011001111010111000101111111000101101010010011111101011110010000111000100101010100001110011000111001011001100110110111111111100000011111111100000011000111000010111001
