40 36
61 81 85 92 5 27 84 35 51 8 27 88 67 85 13 15 3 8 98 39 42 81 91 31 61 66 77 57 91 65 91 3 97 27 94 53 53 78 88 55 
37 14 95 55 50 7 69 53 14 18 91 7 50 33 89 10 99 18 66 41 82 56 96 30 82 89 82 86 66 21 40 54 35 86 8 36 93 28 88 58 
45 30 65 94 63 53 3 13 70 20 5 3 75 100 32 8 41 66 93 58 86 85 12 72 70 19 8 14 47 95 72 91 77 88 85 39 40 39 3 62 
59 7 16 85 59 48 93 99 13 37 56 50 73 67 22 95 38 29 8 84 75 31 26 51 18 62 41 10 1 43 23 59 2 38 43 12 37 87 10 49 
24 17 51 48 36 72 42 25 100 2 8 26 32 85 77 2 47 17 63 47 12 85 57 13 22 99 24 59 38 85 59 13 53 9 60 40 32 54 64 31 
55 71 57 38 56 85 91 54 1 53 100 64 89 56 76 63 6 51 73 95 87 83 7 40 92 67 31 75 20 95 58 26 17 66 15 24 50 6 77 2 
10 76 66 51 83 93 13 41 96 85 35 82 67 42 73 10 60 4 85 31 98 42 8 66 59 22 90 8 79 66 61 41 94 26 91 28 19 55 68 14 
91 55 47 57 48 72 19 59 75 55 89 24 48 48 89 6 21 30 65 52 96 25 92 89 51 34 16 21 88 36 86 78 90 84 86 89 55 56 47 29 
10 35 4 9 34 45 14 54 74 78 5 69 55 48 9 5 33 77 77 20 12 62 49 53 45 87 41 52 42 87 80 4 73 36 12 6 80 78 11 53 
7 16 74 61 15 34 17 48 10 93 19 73 6 20 25 3 6 65 54 99 3 85 54 75 20 18 32 51 95 43 56 53 10 81 14 24 14 82 23 24 
27 42 96 84 13 73 38 70 37 91 68 92 28 74 66 99 91 98 2 37 40 57 89 1 37 54 76 50 36 99 25 14 92 73 97 4 45 35 73 33 
77 92 24 56 65 42 55 7 39 8 43 30 64 84 30 52 37 5 53 24 55 78 89 46 2 86 1 98 72 25 82 48 17 58 4 33 99 10 92 89 
17 86 70 32 69 51 83 58 7 35 33 62 64 22 59 17 7 60 14 78 84 48 77 52 5 32 37 55 41 80 43 9 65 64 40 34 14 74 43 20 
61 75 33 24 96 92 93 54 3 58 31 38 5 60 42 9 91 30 15 84 9 9 92 73 72 84 58 37 57 100 57 17 75 41 93 70 84 85 76 86 
42 6 76 99 17 17 59 8 46 74 91 6 82 34 78 6 17 88 42 26 87 50 94 61 91 86 83 26 22 58 12 16 15 39 14 84 7 72 91 4 
97 33 9 79 66 38 36 83 25 77 8 12 79 1 24 21 39 58 46 12 67 9 27 34 47 92 17 53 64 7 56 12 91 64 42 56 2 77 38 26 
6 97 89 84 50 13 4 40 22 49 51 89 58 30 22 4 21 90 9 36 96 64 48 38 80 89 93 81 66 83 58 71 79 99 6 80 11 9 19 32 
9 22 72 66 51 93 22 71 82 82 7 29 45 54 66 76 94 11 8 59 93 18 81 23 16 38 3 26 46 73 9 7 94 81 24 44 25 97 67 59 
78 73 39 75 78 57 50 71 67 58 82 11 75 14 33 90 52 87 67 49 60 27 55 5 7 79 1 84 27 67 94 5 91 32 31 68 88 80 38 6 
89 71 16 15 85 49 56 88 87 22 36 46 1 43 3 7 73 3 42 99 69 35 55 59 19 85 78 6 65 67 64 5 38 79 20 74 79 27 61 66 
1 96 63 1 38 65 59 62 67 1 61 87 87 15 97 5 100 74 63 16 41 26 20 30 56 91 3 87 18 63 52 18 10 66 70 100 31 28 61 49 
80 73 88 67 88 36 71 87 10 33 54 2 10 73 31 66 16 85 52 85 99 55 2 8 72 71 59 54 50 20 55 30 92 42 96 31 77 18 69 38 
51 22 39 12 47 21 77 14 57 80 98 55 86 99 63 58 21 73 63 70 44 17 51 88 10 46 18 39 64 39 76 66 60 67 77 58 39 6 71 96 
85 68 50 23 18 64 32 90 37 94 12 32 63 62 19 72 8 37 10 71 75 38 88 86 4 64 96 42 69 66 89 6 34 39 80 3 54 11 93 42 
56 4 74 70 65 44 42 24 32 51 46 58 88 33 44 43 97 39 37 17 56 25 74 41 15 53 44 21 15 88 62 23 91 87 92 7 31 33 31 62 
36 76 20 75 61 15 70 9 5 6 25 60 82 99 1 49 51 96 69 18 83 82 40 25 69 31 31 51 16 13 64 51 41 83 77 1 49 46 9 53 
51 85 13 85 83 65 33 86 60 1 3 42 34 42 66 2 24 48 4 39 13 68 89 53 2 18 5 51 63 65 3 66 49 15 50 84 31 82 69 90 
34 23 83 67 64 100 21 39 48 76 78 12 43 18 16 45 35 20 95 50 36 97 15 84 64 64 67 94 97 87 36 82 9 18 48 24 18 20 63 17 
96 92 28 38 9 43 34 96 14 28 45 49 77 59 32 92 74 51 37 22 89 72 3 98 90 2 73 7 22 35 75 69 78 2 58 87 96 92 34 9 
71 78 57 99 88 40 90 13 42 27 34 31 50 36 80 39 37 52 97 10 39 23 78 16 24 36 54 19 79 87 79 49 64 35 48 3 27 89 15 20 
67 48 50 17 35 29 7 72 33 56 33 71 78 11 86 54 98 40 72 76 26 51 76 42 37 23 96 15 64 11 35 30 10 84 98 45 65 57 68 49 
12 100 19 41 62 56 94 59 95 18 34 73 20 62 66 56 84 61 71 99 23 57 81 33 40 78 29 56 34 48 4 97 47 74 38 9 30 83 19 76 
100 5 100 19 66 65 27 1 78 49 100 100 5 80 84 96 9 64 52 95 11 7 91 10 33 80 70 62 63 88 37 14 92 37 33 9 53 11 10 30 
59 61 82 63 92 17 58 100 33 61 46 43 20 37 4 52 68 73 13 30 61 1 96 4 89 80 65 42 90 74 23 48 86 4 10 77 73 19 28 5 
80 74 99 51 62 3 2 29 75 66 11 87 66 6 43 55 85 7 48 74 32 70 73 17 26 34 93 98 52 72 54 83 45 52 33 6 54 34 35 81 
51 45 19 17 2 61 23 86 19 70 11 50 91 83 18 16 16 10 65 19 34 18 2 78 70 86 36 75 72 70 7 22 66 26 90 67 38 12 4 57 
33 66 58 24 100 76 39 67 37 4 85 70 21 38 48 42 24 83 17 47 4 23 68 21 100 10 39 38 21 94 46 6 59 3 29 58 78 19 24 15 
22 60 84 95 98 83 88 73 17 56 71 72 31 38 92 30 99 82 19 20 75 64 25 85 67 5 94 44 23 69 10 97 29 94 43 78 28 30 2 97 
86 72 68 16 61 12 97 60 93 16 31 20 79 7 4 97 11 98 41 33 18 2 81 46 47 23 75 75 53 76 71 90 47 38 57 8 1 5 19 94 
20 49 65 51 55 68 47 65 17 39 49 35 41 30 32 87 52 7 61 56 82 83 97 81 73 53 88 73 58 6 18 29 6 82 79 60 2 78 24 18 
