0
111042
4699
29999
7235
55015
15703
90558
54099
941
121489
1223
9439
0
21727
1191
37007
22796
249611
157654
7717
127167
18852
64042
73092
358339
22845
238009
209298
176930
165541
219046
0
506
220
35631
286
4335
252
76630
239186
129530
92170
212479
1738
34385
343432
2957
8005
10277
10487
4332
5188
0
188029
84793
2459
36
13634
96548
326
3560
1632
277672
3131
1526
29799
123106
84
64249
219
163641
15775
11787
244925
153858
23180
25550
1420
142423
286
37964
157220
318124
208841
153187
184803
495
5469
4699
10818
49333
109318
61564
80415
1851
187240
105612
46274
74234
6709
65021
24862
27345
281345
58410
2617
292427
19167
27080
479
24907
64
0
39687
16226
78215
192782
95338
1780
68691
93232
122336
1827
184421
99023
26169
6830
357282
109724
197224
15604
114051
77981
95261
8696
33484
1370
127049
14406
136
35231
25175
816
105557
23180
7838
316185
235916
151404
9425
479
33021
27
777
10209
4163
11379
174707
15787
5535
59222
65614
11724
1311
67518
84068
3490
11436
0
13539
34083
42602
66605
211565
37095
42610
141817
108542
4679
202916
135
16774
28245
25946
237522
843
216580
441620
12811
72658
119629
297664
83172
23635
15457
147924
343738
33718
63976
8238
518
160310
3383
41
91100
42824
415
209926
198610
44946
21354
338
239167
24950
74194
133
12868
19
183196
163653
108
54409
7097
3836
8850
85296
1146
61698
135
22105
11806
178776
3004
201204
121373
149119
5444
173749
228119
272749
31372
39939
72935
85152
937
40612
1674
3069
362
1182
5467
194677
29951
89257
106910
19321
195360
4233
367688
219254
209437
142299
1438
14779
221343
205025
7941
3691
4
128082
30153
128462
2879
4413
64482
213346
262291
112571
8551
77610
6115
229803
26195
170
25552
55799
18057
148578
2893
71356
47148
81124
24289
309539
58258
43313
105031
293952
190506
215340
239619
2334
13240
64130
307284
269382
16142
2405
98339
3711
14567
4899
36329
460
374876
147098
133394
4639
9493
19104
2789
77037
37117
14217
13545
18502
2145
37353
94378
192859
404966
21472
3067
1405
59867
87995
1512
103678
90111
2472
224813
173828
141917
91897
20700
17684
34202
5209
419663
123875
149971
224838
10056
10331
57031
246234
19783
1338
55689
383015
125375
143502
77517
111912
264321
17794
284528
16434
212
55695
1781
19017
251699
172745
5664
133306
54474
2981
120437
66189
29552
158
64016
149966
92426
31940
316583
366928
0
65824
86075
85257
11764
14440
29380
209253
135647
371
25
56185
8502
255506
39981
150653
286387
38023
12125
13899
5431
3637
53806
424815
443278
21192
28739
408465
202909
28350
828
137767
69940
16228
99033
120512
277561
60228
250703
33293
59892
2114
426839
178863
25331
78457
126028
17546
5366
3774
51547
37885
45948
61991
6259
66682
1504
2236
6044
36001
54202
46873
48103
78920
215970
36464
137900
233413
658
164242
201762
17368
7942
74219
14332
188597
9731
6548
2626
125104
29343
390024
42643
11343
332348
26095
118
171269
242323
11899
553
93012
126092
