0
122136
4439
15413
5747
45866
9689
104520
20813
617
144861
1773
6773
0
20831
887
32149
19991
257366
149514
7565
126475
18874
59577
78352
354152
20934
232200
210520
176918
164735
219503
0
350
220
33401
250
4397
42
75580
239103
128609
92282
213301
1751
34388
341585
2993
7931
10455
10439
4123
4517
0
188025
85151
3041
30
13458
96123
314
3575
1643
278138
3111
1535
30565
123745
100
64274
263
164199
15679
11749
245181
153844
23158
25448
1427
142879
250
38518
158232
318299
208886
153246
184774
531
5477
4659
10782
49488
109273
61766
80408
1727
187416
106276
46307
74484
6709
65040
24874
27225
281413
58395
2605
292423
19171
27046
509
24904
76
0
39593
16455
78679
192929
95386
1820
68592
93692
122114
1752
184387
99449
26143
6830
357383
109740
197379
15598
114590
77863
95288
8750
33394
1393
127056
14469
135
35264
25215
911
106180
23306
7826
316263
235903
151502
9389
509
33045
20
787
10483
4102
11352
174783
15892
5568
59222
65604
11695
1287
67495
83949
3457
11542
0
13599
34091
42631
66586
211584
37071
42474
141919
108949
4783
202935
155
16930
28293
25884
237544
881
216604
441698
12832
72682
120024
297736
83038
23669
15343
148018
343798
33658
63907
8238
530
160338
3439
51
91064
42688
457
209950
198615
44908
21606
341
238997
24974
74052
139
12772
31
183215
163642
116
54509
7100
3907
8897
85372
1162
61691
155
22120
11730
178711
3035
201213
121564
149178
5483
173770
228092
272821
31368
40048
72980
85141
940
40597
1684
3153
354
1180
5479
194752
29951
89248
106862
19286
195378
4261
367797
219309
209460
142361
1543
14770
221354
205058
7939
3706
4
128082
30140
128474
2898
4478
64440
213516
262276
112559
8550
77636
6120
229829
26200
165
25580
55769
18040
148573
2902
71352
47064
81169
24263
309542
58248
43362
105049
294027
190509
215330
239636
2332
13251
64175
307293
269370
16137
2423
98327
3735
14618
4945
36271
482
374902
147095
133394
4655
9490
19072
2792
77043
37110
14214
13548
18503
2151
37343
94366
192800
405001
21509
3067
1376
59999
87977
1485
103715
90096
2496
224814
174011
141950
91849
20701
17674
34211
5255
419687
123822
149974
224839
9955
10331
57012
246241
19790
1345
55671
383031
125365
143515
77535
111898
264288
17755
284534
16473
212
55677
1781
19019
251722
172761
5680
133321
54484
2979
120446
66172
29556
150
64000
149986
92410
31922
316591
366966
0
65808
86068
85240
11770
14428
29383
209266
135655
364
25
56194
8510
255519
39960
150657
286392
38014
12122
13900
5443
3616
53795
424820
443327
21198
28751
408510
202935
28377
825
137775
69919
16261
99029
120521
277534
60212
250693
33273
59876
2120
426854
178864
25336
78442
126032
17530
5408
3786
51601
37900
45936
61969
6264
66690
1510
2236
6038
36001
54184
46848
48090
78906
215974
36451
137918
233423
652
164314
201761
17366
7968
74195
14329
188646
9740
6548
2660
125106
29365
390038
42633
11361
332323
26100
118
171273
242315
11896
545
93003
126116
